

Lag Sequential Analysis of data that are in segments (e.g, for multiple dyads or groups


Requested 'tail' (1 or 2) for Significance Tests = 2 



Group/Segment Number: 1 

Cell Frequencies, Row & Column Totals, & N

       ND-1 AR-1 SR ND-2/3 CE-2/3 CE-1 AR-2/3 Totals
ND-1      0    2  0      0      0    0      0      2
AR-1      1    0  1      0      0    0      0      2
SR        0    0  0      0      0    0      0      0
ND-2/3    0    0  0      0      0    0      0      0
CE-2/3    0    0  0      0      0    0      0      0
CE-1      0    0  0      0      0    0      0      0
AR-2/3    0    0  0      0      0    0      0      0
Totals    1    2  1      0      0    0      0      4


Expected Values/Frequencies

       ND-1 AR-1  SR ND-2/3 CE-2/3 CE-1 AR-2/3
ND-1    0.5    1 0.5      0      0    0      0
AR-1    0.5    1 0.5      0      0    0      0
SR      0.0    0 0.0      0      0    0      0
ND-2/3  0.0    0 0.0      0      0    0      0
CE-2/3  0.0    0 0.0      0      0    0      0
CE-1    0.0    0 0.0      0      0    0      0
AR-2/3  0.0    0 0.0      0      0    0      0


Transitional Probabilities

          ND-1  AR-1      SR ND-2/3 CE-2/3  CE-1 AR-2/3
ND-1       0.0     1     0.0      0      0     0      0
AR-1       0.5     0     0.5      0      0     0      0
SR     -9999.0 -9999 -9999.0  -9999  -9999 -9999  -9999
ND-2/3 -9999.0 -9999 -9999.0  -9999  -9999 -9999  -9999
CE-2/3 -9999.0 -9999 -9999.0  -9999  -9999 -9999  -9999
CE-1   -9999.0 -9999 -9999.0  -9999  -9999 -9999  -9999
AR-2/3 -9999.0 -9999 -9999.0  -9999  -9999 -9999  -9999


Tablewise Likelihood Ratio (Chi-Square) test = 5.55,  df = 36,  p = 1


Adjusted Residuals

           ND-1  AR-1       SR ND-2/3 CE-2/3  CE-1 AR-2/3
ND-1      -1.15     2    -1.15  -9999  -9999 -9999  -9999
AR-1       1.15    -2     1.15  -9999  -9999 -9999  -9999
SR     -9999.00 -9999 -9999.00  -9999  -9999 -9999  -9999
ND-2/3 -9999.00 -9999 -9999.00  -9999  -9999 -9999  -9999
CE-2/3 -9999.00 -9999 -9999.00  -9999  -9999 -9999  -9999
CE-1   -9999.00 -9999 -9999.00  -9999  -9999 -9999  -9999
AR-2/3 -9999.00 -9999 -9999.00  -9999  -9999 -9999  -9999


Significance Levels for the Adjusted Residuals

          ND-1    AR-1      SR ND-2/3 CE-2/3 CE-1 AR-2/3
ND-1    0.2482  0.0455  0.2482     -1     -1   -1     -1
AR-1    0.2482  0.0455  0.2482     -1     -1   -1     -1
SR     -1.0000 -1.0000 -1.0000     -1     -1   -1     -1
ND-2/3 -1.0000 -1.0000 -1.0000     -1     -1   -1     -1
CE-2/3 -1.0000 -1.0000 -1.0000     -1     -1   -1     -1
CE-1   -1.0000 -1.0000 -1.0000     -1     -1   -1     -1
AR-2/3 -1.0000 -1.0000 -1.0000     -1     -1   -1     -1


Yule's Q Values

        ND-1  AR-1    SR ND-2/3 CE-2/3  CE-1 AR-2/3
ND-1      -1     1    -1  -9999  -9999 -9999  -9999
AR-1       1    -1     1  -9999  -9999 -9999  -9999
SR     -9999 -9999 -9999  -9999  -9999 -9999  -9999
ND-2/3 -9999 -9999 -9999  -9999  -9999 -9999  -9999
CE-2/3 -9999 -9999 -9999  -9999  -9999 -9999  -9999
CE-1   -9999 -9999 -9999  -9999  -9999 -9999  -9999
AR-2/3 -9999 -9999 -9999  -9999  -9999 -9999  -9999


Unidirectional Kappas

           ND-1  AR-1    SR ND-2/3 CE-2/3  CE-1 AR-2/3
ND-1      -1.00     1    -1  -9999  -9999 -9999  -9999
AR-1       0.17    -1     1  -9999  -9999 -9999  -9999
SR        -1.00    -1    -1  -9999  -9999 -9999  -9999
ND-2/3 -9999.00 -9999 -9999  -9999  -9999 -9999  -9999
CE-2/3 -9999.00 -9999 -9999  -9999  -9999 -9999  -9999
CE-1   -9999.00 -9999 -9999  -9999  -9999 -9999  -9999
AR-2/3 -9999.00 -9999 -9999  -9999  -9999 -9999  -9999


z values for the Unidirectional Kappas

           ND-1     AR-1       SR ND-2/3 CE-2/3  CE-1 AR-2/3
ND-1      -1.33     2.00    -0.82  -9999  -9999 -9999  -9999
AR-1       0.33    -1.33     1.22  -9999  -9999 -9999  -9999
SR        -0.82    -0.82    -0.50  -9999  -9999 -9999  -9999
ND-2/3 -9999.00 -9999.00 -9999.00  -9999  -9999 -9999  -9999
CE-2/3 -9999.00 -9999.00 -9999.00  -9999  -9999 -9999  -9999
CE-1   -9999.00 -9999.00 -9999.00  -9999  -9999 -9999  -9999
AR-2/3 -9999.00 -9999.00 -9999.00  -9999  -9999 -9999  -9999


Significance Levels for the Unidirectional Kappas

         ND-1   AR-1     SR ND-2/3 CE-2/3 CE-1 AR-2/3
ND-1   0.1824 0.0455 0.4142      1      1    1      1
AR-1   0.7389 0.1824 0.2207      1      1    1      1
SR     0.4142 0.4142 0.6171      1      1    1      1
ND-2/3 1.0000 1.0000 1.0000      1      1    1      1
CE-2/3 1.0000 1.0000 1.0000      1      1    1      1
CE-1   1.0000 1.0000 1.0000      1      1    1      1
AR-2/3 1.0000 1.0000 1.0000      1      1    1      1



Group/Segment Number: 2 

Cell Frequencies, Row & Column Totals, & N

       ND-1 AR-1 SR ND-2/3 CE-2/3 CE-1 AR-2/3 Totals
ND-1      0    1  0      2      1    0      0      4
AR-1      3    1  1      0      0    1      0      6
SR        0    0  0      0      0    0      0      0
ND-2/3    0    2  0      0      0    0      0      2
CE-2/3    0    1  0      0      0    0      0      1
CE-1      0    1  0      0      0    0      0      1
AR-2/3    0    0  0      0      0    0      0      0
Totals    3    6  1      2      1    1      0     14


Expected Values/Frequencies

       ND-1 AR-1   SR ND-2/3 CE-2/3 CE-1 AR-2/3
ND-1   0.86 1.71 0.29   0.57   0.29 0.29      0
AR-1   1.29 2.57 0.43   0.86   0.43 0.43      0
SR     0.00 0.00 0.00   0.00   0.00 0.00      0
ND-2/3 0.43 0.86 0.14   0.29   0.14 0.14      0
CE-2/3 0.21 0.43 0.07   0.14   0.07 0.07      0
CE-1   0.21 0.43 0.07   0.14   0.07 0.07      0
AR-2/3 0.00 0.00 0.00   0.00   0.00 0.00      0


Transitional Probabilities

          ND-1     AR-1       SR  ND-2/3   CE-2/3     CE-1 AR-2/3
ND-1       0.0     0.25     0.00     0.5     0.25     0.00      0
AR-1       0.5     0.17     0.17     0.0     0.00     0.17      0
SR     -9999.0 -9999.00 -9999.00 -9999.0 -9999.00 -9999.00  -9999
ND-2/3     0.0     1.00     0.00     0.0     0.00     0.00      0
CE-2/3     0.0     1.00     0.00     0.0     0.00     0.00      0
CE-1       0.0     1.00     0.00     0.0     0.00     0.00      0
AR-2/3 -9999.0 -9999.00 -9999.00 -9999.0 -9999.00 -9999.00  -9999


Tablewise Likelihood Ratio (Chi-Square) test = 19.8,  df = 36,  p = 0.98695


Adjusted Residuals

           ND-1     AR-1       SR   ND-2/3   CE-2/3     CE-1 AR-2/3
ND-1      -1.24    -0.85    -0.66     2.42     1.64    -0.66  -9999
AR-1       2.26    -1.71     1.20    -1.32    -0.90     1.20  -9999
SR     -9999.00 -9999.00 -9999.00 -9999.00 -9999.00 -9999.00  -9999
ND-2/3    -0.80     1.76    -0.42    -0.62    -0.42    -0.42  -9999
CE-2/3    -0.54     1.20    -0.29    -0.42    -0.29    -0.29  -9999
CE-1      -0.54     1.20    -0.29    -0.42    -0.29    -0.29  -9999
AR-2/3 -9999.00 -9999.00 -9999.00 -9999.00 -9999.00 -9999.00  -9999


Significance Levels for the Adjusted Residuals

          ND-1    AR-1      SR  ND-2/3  CE-2/3    CE-1 AR-2/3
ND-1    0.2165  0.3932  0.5116  0.0157  0.1008  0.5116     -1
AR-1    0.0241  0.0864  0.2308  0.1859  0.3688  0.2308     -1
SR     -1.0000 -1.0000 -1.0000 -1.0000 -1.0000 -1.0000     -1
ND-2/3  0.4250  0.0778  0.6718  0.5329  0.6718  0.6718     -1
CE-2/3  0.5879  0.2308  0.7735  0.6718  0.7735  0.7735     -1
CE-1    0.5879  0.2308  0.7735  0.6718  0.7735  0.7735     -1
AR-2/3 -1.0000 -1.0000 -1.0000 -1.0000 -1.0000 -1.0000     -1


Yule's Q Values

        ND-1     AR-1    SR ND-2/3 CE-2/3  CE-1 AR-2/3
ND-1      -1    -0.50    -1      1      1    -1  -9999
AR-1       1    -0.79     1     -1     -1     1  -9999
SR     -9999 -9999.00 -9999  -9999  -9999 -9999  -9999
ND-2/3    -1     1.00    -1     -1     -1    -1  -9999
CE-2/3    -1     1.00    -1     -1     -1    -1  -9999
CE-1      -1     1.00    -1     -1     -1    -1  -9999
AR-2/3 -9999 -9999.00 -9999  -9999  -9999 -9999  -9999


Unidirectional Kappas

           ND-1     AR-1    SR ND-2/3 CE-2/3  CE-1 AR-2/3
ND-1      -1.00    -0.38    -1      1      1    -1  -9999
AR-1       0.58    -0.58     1     -1     -1     1  -9999
SR        -1.00    -1.00    -1     -1     -1    -1  -9999
ND-2/3    -1.00     1.00    -1     -1     -1    -1  -9999
CE-2/3    -1.00     1.00    -1     -1     -1    -1  -9999
CE-1      -1.00     1.00    -1     -1     -1    -1  -9999
AR-2/3 -9999.00 -9999.00 -9999  -9999  -9999 -9999  -9999


z values for the Unidirectional Kappas

           ND-1     AR-1       SR   ND-2/3   CE-2/3     CE-1 AR-2/3
ND-1      -1.36    -0.69    -0.60     2.43     1.66    -0.60  -9999
AR-1       1.61    -1.46     1.22    -1.20    -0.82     1.22  -9999
SR        -0.60    -0.82    -0.27    -0.39    -0.27    -0.27  -9999
ND-2/3    -0.88     1.80    -0.39    -0.58    -0.39    -0.39  -9999
CE-2/3    -0.60     1.22    -0.27    -0.39    -0.27    -0.27  -9999
CE-1      -0.60     1.22    -0.27    -0.39    -0.27    -0.27  -9999
AR-2/3 -9999.00 -9999.00 -9999.00 -9999.00 -9999.00 -9999.00  -9999


Significance Levels for the Unidirectional Kappas

         ND-1   AR-1     SR ND-2/3 CE-2/3   CE-1 AR-2/3
ND-1   0.1736 0.4897 0.5465 0.0149 0.0973 0.5465      1
AR-1   0.1070 0.1456 0.2207 0.2308 0.4142 0.2207      1
SR     0.5465 0.4142 0.7893 0.6949 0.7893 0.7893      1
ND-2/3 0.3762 0.0723 0.6949 0.5649 0.6949 0.6949      1
CE-2/3 0.5465 0.2207 0.7893 0.6949 0.7893 0.7893      1
CE-1   0.5465 0.2207 0.7893 0.6949 0.7893 0.7893      1
AR-2/3 1.0000 1.0000 1.0000 1.0000 1.0000 1.0000      1



Group/Segment Number: 3 

Cell Frequencies, Row & Column Totals, & N

       ND-1 AR-1 SR ND-2/3 CE-2/3 CE-1 AR-2/3 Totals
ND-1      0    3  0      0      0    0      0      3
AR-1      1    0  0      0      1    0      1      3
SR        0    0  0      0      0    0      0      0
ND-2/3    0    0  0      0      0    0      0      0
CE-2/3    0    0  1      0      0    0      0      1
CE-1      0    0  0      0      0    0      0      0
AR-2/3    1    0  0      0      0    0      0      1
Totals    2    3  1      0      1    0      1      8


Expected Values/Frequencies

       ND-1 AR-1   SR ND-2/3 CE-2/3 CE-1 AR-2/3
ND-1   0.75 1.12 0.38      0   0.38    0   0.38
AR-1   0.75 1.12 0.38      0   0.38    0   0.38
SR     0.00 0.00 0.00      0   0.00    0   0.00
ND-2/3 0.00 0.00 0.00      0   0.00    0   0.00
CE-2/3 0.25 0.38 0.12      0   0.12    0   0.12
CE-1   0.00 0.00 0.00      0   0.00    0   0.00
AR-2/3 0.25 0.38 0.12      0   0.12    0   0.12


Transitional Probabilities

           ND-1  AR-1    SR ND-2/3   CE-2/3  CE-1   AR-2/3
ND-1       0.00     1     0      0     0.00     0     0.00
AR-1       0.33     0     0      0     0.33     0     0.33
SR     -9999.00 -9999 -9999  -9999 -9999.00 -9999 -9999.00
ND-2/3 -9999.00 -9999 -9999  -9999 -9999.00 -9999 -9999.00
CE-2/3     0.00     0     1      0     0.00     0     0.00
CE-1   -9999.00 -9999 -9999  -9999 -9999.00 -9999 -9999.00
AR-2/3     1.00     0     0      0     0.00     0     0.00


Tablewise Likelihood Ratio (Chi-Square) test = 17.32,  df = 36,  p = 0.99638


Adjusted Residuals

           ND-1     AR-1       SR ND-2/3   CE-2/3  CE-1   AR-2/3
ND-1      -1.26     2.83    -0.83  -9999    -0.83 -9999    -0.83
AR-1       0.42    -1.70    -0.83  -9999     1.38 -9999     1.38
SR     -9999.00 -9999.00 -9999.00  -9999 -9999.00 -9999 -9999.00
ND-2/3 -9999.00 -9999.00 -9999.00  -9999 -9999.00 -9999 -9999.00
CE-2/3    -0.62    -0.83     2.83  -9999    -0.40 -9999    -0.40
CE-1   -9999.00 -9999.00 -9999.00  -9999 -9999.00 -9999 -9999.00
AR-2/3     1.85    -0.83    -0.40  -9999    -0.40 -9999    -0.40


Significance Levels for the Adjusted Residuals

          ND-1    AR-1      SR ND-2/3  CE-2/3 CE-1  AR-2/3
ND-1    0.2059  0.0047  0.4076     -1  0.4076   -1  0.4076
AR-1    0.6733  0.0897  0.4076     -1  0.1675   -1  0.1675
SR     -1.0000 -1.0000 -1.0000     -1 -1.0000   -1 -1.0000
ND-2/3 -1.0000 -1.0000 -1.0000     -1 -1.0000   -1 -1.0000
CE-2/3  0.5371  0.4076  0.0047     -1  0.6862   -1  0.6862
CE-1   -1.0000 -1.0000 -1.0000     -1 -1.0000   -1 -1.0000
AR-2/3  0.0641  0.4076  0.6862     -1  0.6862   -1  0.6862


Yule's Q Values

           ND-1  AR-1    SR ND-2/3 CE-2/3  CE-1 AR-2/3
ND-1      -1.00     1    -1  -9999     -1 -9999     -1
AR-1       0.33    -1    -1  -9999      1 -9999      1
SR     -9999.00 -9999 -9999  -9999  -9999 -9999  -9999
ND-2/3 -9999.00 -9999 -9999  -9999  -9999 -9999  -9999
CE-2/3    -1.00    -1     1  -9999     -1 -9999     -1
CE-1   -9999.00 -9999 -9999  -9999  -9999 -9999  -9999
AR-2/3     1.00    -1    -1  -9999     -1 -9999     -1


Unidirectional Kappas

        ND-1  AR-1    SR ND-2/3 CE-2/3  CE-1 AR-2/3
ND-1      -1     1    -1  -9999     -1 -9999     -1
AR-1       0    -1    -1  -9999      1 -9999      1
SR        -1    -1    -1  -9999     -1 -9999     -1
ND-2/3 -9999 -9999 -9999  -9999  -9999 -9999  -9999
CE-2/3    -1    -1     1  -9999     -1 -9999     -1
CE-1   -9999 -9999 -9999  -9999  -9999 -9999  -9999
AR-2/3     1    -1    -1  -9999     -1 -9999     -1


z values for the Unidirectional Kappas

           ND-1     AR-1       SR ND-2/3   CE-2/3  CE-1   AR-2/3
ND-1      -1.41     2.83    -0.71  -9999    -0.71 -9999    -0.71
AR-1       0.00    -1.41    -0.71  -9999     1.41 -9999     1.41
SR        -0.71    -0.71    -0.35  -9999    -0.35 -9999    -0.35
ND-2/3 -9999.00 -9999.00 -9999.00  -9999 -9999.00 -9999 -9999.00
CE-2/3    -0.71    -0.71     2.83  -9999    -0.35 -9999    -0.35
CE-1   -9999.00 -9999.00 -9999.00  -9999 -9999.00 -9999 -9999.00
AR-2/3     1.41    -0.71    -0.35  -9999    -0.35 -9999    -0.35


Significance Levels for the Unidirectional Kappas

         ND-1   AR-1     SR ND-2/3 CE-2/3 CE-1 AR-2/3
ND-1   0.1573 0.0047 0.4795      1 0.4795    1 0.4795
AR-1   1.0000 0.1573 0.4795      1 0.1573    1 0.1573
SR     0.4795 0.4795 0.7237      1 0.7237    1 0.7237
ND-2/3 1.0000 1.0000 1.0000      1 1.0000    1 1.0000
CE-2/3 0.4795 0.4795 0.0047      1 0.7237    1 0.7237
CE-1   1.0000 1.0000 1.0000      1 1.0000    1 1.0000
AR-2/3 0.1573 0.4795 0.7237      1 0.7237    1 0.7237



Group/Segment Number: 4 

Cell Frequencies, Row & Column Totals, & N

       ND-1 AR-1 SR ND-2/3 CE-2/3 CE-1 AR-2/3 Totals
ND-1      0    8  0      1      1    0      1     11
AR-1      9    0  1      0      0    0      0     10
SR        0    0  0      0      0    0      0      0
ND-2/3    0    2  0      0      0    0      0      2
CE-2/3    0    0  0      1      0    0      0      1
CE-1      0    0  0      0      0    0      0      0
AR-2/3    1    0  0      0      0    0      0      1
Totals   10   10  1      2      1    0      1     25


Expected Values/Frequencies

       ND-1 AR-1   SR ND-2/3 CE-2/3 CE-1 AR-2/3
ND-1    4.4  4.4 0.44   0.88   0.44    0   0.44
AR-1    4.0  4.0 0.40   0.80   0.40    0   0.40
SR      0.0  0.0 0.00   0.00   0.00    0   0.00
ND-2/3  0.8  0.8 0.08   0.16   0.08    0   0.08
CE-2/3  0.4  0.4 0.04   0.08   0.04    0   0.04
CE-1    0.0  0.0 0.00   0.00   0.00    0   0.00
AR-2/3  0.4  0.4 0.04   0.08   0.04    0   0.04


Transitional Probabilities

          ND-1     AR-1      SR   ND-2/3   CE-2/3  CE-1   AR-2/3
ND-1       0.0     0.73     0.0     0.09     0.09     0     0.09
AR-1       0.9     0.00     0.1     0.00     0.00     0     0.00
SR     -9999.0 -9999.00 -9999.0 -9999.00 -9999.00 -9999 -9999.00
ND-2/3     0.0     1.00     0.0     0.00     0.00     0     0.00
CE-2/3     0.0     0.00     0.0     1.00     0.00     0     0.00
CE-1   -9999.0 -9999.00 -9999.0 -9999.00 -9999.00 -9999 -9999.00
AR-2/3     1.0     0.00     0.0     0.00     0.00     0     0.00


Tablewise Likelihood Ratio (Chi-Square) test = 40.08,  df = 36,  p = 0.29387


Adjusted Residuals

           ND-1     AR-1       SR   ND-2/3   CE-2/3  CE-1   AR-2/3
ND-1      -3.62     2.96    -0.90     0.18     1.15 -9999     1.15
AR-1       4.17    -3.33     1.25    -1.20    -0.83 -9999    -0.83
SR     -9999.00 -9999.00 -9999.00 -9999.00 -9999.00 -9999 -9999.00
ND-2/3    -1.20     1.81    -0.30    -0.43    -0.30 -9999    -0.30
CE-2/3    -0.83    -0.83    -0.21     3.46    -0.21 -9999    -0.21
CE-1   -9999.00 -9999.00 -9999.00 -9999.00 -9999.00 -9999 -9999.00
AR-2/3     1.25    -0.83    -0.21    -0.30    -0.21 -9999    -0.21


Significance Levels for the Adjusted Residuals

          ND-1    AR-1      SR  ND-2/3  CE-2/3 CE-1  AR-2/3
ND-1    0.0003  0.0031  0.3656  0.8586  0.2496   -1  0.2496
AR-1    0.0000  0.0009  0.2113  0.2286  0.4047   -1  0.4047
SR     -1.0000 -1.0000 -1.0000 -1.0000 -1.0000   -1 -1.0000
ND-2/3  0.2286  0.0710  0.7634  0.6637  0.7634   -1  0.7634
CE-2/3  0.4047  0.4047  0.8350  0.0005  0.8350   -1  0.8350
CE-1   -1.0000 -1.0000 -1.0000 -1.0000 -1.0000   -1 -1.0000
AR-2/3  0.2113  0.4047  0.8350  0.7634  0.8350   -1  0.8350


Yule's Q Values

           ND-1     AR-1    SR   ND-2/3 CE-2/3  CE-1 AR-2/3
ND-1      -1.00     0.88    -1     0.13      1 -9999      1
AR-1       0.98    -1.00     1    -1.00     -1 -9999     -1
SR     -9999.00 -9999.00 -9999 -9999.00  -9999 -9999  -9999
ND-2/3    -1.00     1.00    -1    -1.00     -1 -9999     -1
CE-2/3    -1.00    -1.00    -1     1.00     -1 -9999     -1
CE-1   -9999.00 -9999.00 -9999 -9999.00  -9999 -9999  -9999
AR-2/3     1.00    -1.00    -1    -1.00     -1 -9999     -1


Unidirectional Kappas

           ND-1     AR-1    SR   ND-2/3 CE-2/3  CE-1 AR-2/3
ND-1      -1.00     0.65    -1     0.13      1 -9999      1
AR-1       0.83    -1.00     1    -1.00     -1 -9999     -1
SR        -1.00    -1.00    -1    -1.00     -1 -9999     -1
ND-2/3    -1.00     1.00    -1    -1.00     -1 -9999     -1
CE-2/3    -1.00    -1.00    -1     1.00     -1 -9999     -1
CE-1   -9999.00 -9999.00 -9999 -9999.00  -9999 -9999  -9999
AR-2/3     1.00    -1.00    -1    -1.00     -1 -9999     -1


z values for the Unidirectional Kappas

           ND-1     AR-1       SR   ND-2/3   CE-2/3  CE-1   AR-2/3
ND-1      -3.67     3.02    -0.86     0.22     1.17 -9999     1.17
AR-1       3.82    -3.12     1.26    -1.14    -0.79 -9999    -0.79
SR        -0.86    -0.79    -0.20    -0.29    -0.20 -9999    -0.20
ND-2/3    -1.24     1.83    -0.29    -0.42    -0.29 -9999    -0.29
CE-2/3    -0.86    -0.79    -0.20     3.46    -0.20 -9999    -0.20
CE-1   -9999.00 -9999.00 -9999.00 -9999.00 -9999.00 -9999 -9999.00
AR-2/3     1.17    -0.79    -0.20    -0.29    -0.20 -9999    -0.20


Significance Levels for the Unidirectional Kappas

         ND-1   AR-1     SR ND-2/3 CE-2/3 CE-1 AR-2/3
ND-1   0.0002 0.0026 0.3918 0.8222 0.2429    1 0.2429
AR-1   0.0001 0.0018 0.2059 0.2538 0.4292    1 0.4292
SR     0.3918 0.4292 0.8415 0.7728 0.8415    1 0.8415
ND-2/3 0.2164 0.0679 0.7728 0.6769 0.7728    1 0.7728
CE-2/3 0.3918 0.4292 0.8415 0.0005 0.8415    1 0.8415
CE-1   1.0000 1.0000 1.0000 1.0000 1.0000    1 1.0000
AR-2/3 0.2429 0.4292 0.8415 0.7728 0.8415    1 0.8415



Group/Segment Number: 5 

Cell Frequencies, Row & Column Totals, & N

       ND-1 AR-1 SR ND-2/3 CE-2/3 CE-1 AR-2/3 Totals
ND-1      0    1  0      1      0    0      0      2
AR-1      1    0  1      0      0    0      0      2
SR        0    0  0      0      0    0      0      0
ND-2/3    0    1  0      0      0    0      0      1
CE-2/3    0    0  0      0      0    0      0      0
CE-1      0    0  0      0      0    0      0      0
AR-2/3    0    0  0      0      0    0      0      0
Totals    1    2  1      1      0    0      0      5


Expected Values/Frequencies

       ND-1 AR-1  SR ND-2/3 CE-2/3 CE-1 AR-2/3
ND-1    0.4  0.8 0.4    0.4      0    0      0
AR-1    0.4  0.8 0.4    0.4      0    0      0
SR      0.0  0.0 0.0    0.0      0    0      0
ND-2/3  0.2  0.4 0.2    0.2      0    0      0
CE-2/3  0.0  0.0 0.0    0.0      0    0      0
CE-1    0.0  0.0 0.0    0.0      0    0      0
AR-2/3  0.0  0.0 0.0    0.0      0    0      0


Transitional Probabilities

          ND-1    AR-1      SR  ND-2/3 CE-2/3  CE-1 AR-2/3
ND-1       0.0     0.5     0.0     0.5      0     0      0
AR-1       0.5     0.0     0.5     0.0      0     0      0
SR     -9999.0 -9999.0 -9999.0 -9999.0  -9999 -9999  -9999
ND-2/3     0.0     1.0     0.0     0.0      0     0      0
CE-2/3 -9999.0 -9999.0 -9999.0 -9999.0  -9999 -9999  -9999
CE-1   -9999.0 -9999.0 -9999.0 -9999.0  -9999 -9999  -9999
AR-2/3 -9999.0 -9999.0 -9999.0 -9999.0  -9999 -9999  -9999


Tablewise Likelihood Ratio (Chi-Square) test = 7.78,  df = 36,  p = 1


Adjusted Residuals

           ND-1     AR-1       SR   ND-2/3 CE-2/3  CE-1 AR-2/3
ND-1      -0.91     0.37    -0.91     1.37  -9999 -9999  -9999
AR-1       1.37    -1.49     1.37    -0.91  -9999 -9999  -9999
SR     -9999.00 -9999.00 -9999.00 -9999.00  -9999 -9999  -9999
ND-2/3    -0.56     1.37    -0.56    -0.56  -9999 -9999  -9999
CE-2/3 -9999.00 -9999.00 -9999.00 -9999.00  -9999 -9999  -9999
CE-1   -9999.00 -9999.00 -9999.00 -9999.00  -9999 -9999  -9999
AR-2/3 -9999.00 -9999.00 -9999.00 -9999.00  -9999 -9999  -9999


Significance Levels for the Adjusted Residuals

          ND-1    AR-1      SR  ND-2/3 CE-2/3 CE-1 AR-2/3
ND-1    0.3613  0.7094  0.3613  0.1709     -1   -1     -1
AR-1    0.1709  0.1360  0.1709  0.3613     -1   -1     -1
SR     -1.0000 -1.0000 -1.0000 -1.0000     -1   -1     -1
ND-2/3  0.5762  0.1709  0.5762  0.5762     -1   -1     -1
CE-2/3 -1.0000 -1.0000 -1.0000 -1.0000     -1   -1     -1
CE-1   -1.0000 -1.0000 -1.0000 -1.0000     -1   -1     -1
AR-2/3 -1.0000 -1.0000 -1.0000 -1.0000     -1   -1     -1


Yule's Q Values

        ND-1     AR-1    SR ND-2/3 CE-2/3  CE-1 AR-2/3
ND-1      -1     0.33    -1      1  -9999 -9999  -9999
AR-1       1    -1.00     1     -1  -9999 -9999  -9999
SR     -9999 -9999.00 -9999  -9999  -9999 -9999  -9999
ND-2/3    -1     1.00    -1     -1  -9999 -9999  -9999
CE-2/3 -9999 -9999.00 -9999  -9999  -9999 -9999  -9999
CE-1   -9999 -9999.00 -9999  -9999  -9999 -9999  -9999
AR-2/3 -9999 -9999.00 -9999  -9999  -9999 -9999  -9999


Unidirectional Kappas

           ND-1     AR-1    SR ND-2/3 CE-2/3  CE-1 AR-2/3
ND-1      -1.00     0.25    -1      1  -9999 -9999  -9999
AR-1       0.25    -1.00     1     -1  -9999 -9999  -9999
SR        -1.00    -1.00    -1     -1  -9999 -9999  -9999
ND-2/3    -1.00     1.00    -1     -1  -9999 -9999  -9999
CE-2/3 -9999.00 -9999.00 -9999  -9999  -9999 -9999  -9999
CE-1   -9999.00 -9999.00 -9999  -9999  -9999 -9999  -9999
AR-2/3 -9999.00 -9999.00 -9999  -9999  -9999 -9999  -9999


z values for the Unidirectional Kappas

           ND-1     AR-1       SR   ND-2/3 CE-2/3  CE-1 AR-2/3
ND-1      -1.12     0.56    -0.71     1.41  -9999 -9999  -9999
AR-1       0.56    -1.12     1.41    -0.71  -9999 -9999  -9999
SR        -0.71    -0.71    -0.45    -0.45  -9999 -9999  -9999
ND-2/3    -0.71     1.41    -0.45    -0.45  -9999 -9999  -9999
CE-2/3 -9999.00 -9999.00 -9999.00 -9999.00  -9999 -9999  -9999
CE-1   -9999.00 -9999.00 -9999.00 -9999.00  -9999 -9999  -9999
AR-2/3 -9999.00 -9999.00 -9999.00 -9999.00  -9999 -9999  -9999


Significance Levels for the Unidirectional Kappas

         ND-1   AR-1     SR ND-2/3 CE-2/3 CE-1 AR-2/3
ND-1   0.2636 0.5762 0.4795 0.1573      1    1      1
AR-1   0.5762 0.2636 0.1573 0.4795      1    1      1
SR     0.4795 0.4795 0.6547 0.6547      1    1      1
ND-2/3 0.4795 0.1573 0.6547 0.6547      1    1      1
CE-2/3 1.0000 1.0000 1.0000 1.0000      1    1      1
CE-1   1.0000 1.0000 1.0000 1.0000      1    1      1
AR-2/3 1.0000 1.0000 1.0000 1.0000      1    1      1



Group/Segment Number: 6 

Cell Frequencies, Row & Column Totals, & N

       ND-1 AR-1 SR ND-2/3 CE-2/3 CE-1 AR-2/3 Totals
ND-1      0    2  0      0      0    0      0      2
AR-1      1    0  1      0      0    0      0      2
SR        0    0  0      0      0    0      0      0
ND-2/3    0    0  0      0      0    0      0      0
CE-2/3    0    0  0      0      0    0      0      0
CE-1      0    0  0      0      0    0      0      0
AR-2/3    0    0  0      0      0    0      0      0
Totals    1    2  1      0      0    0      0      4


Expected Values/Frequencies

       ND-1 AR-1  SR ND-2/3 CE-2/3 CE-1 AR-2/3
ND-1    0.5    1 0.5      0      0    0      0
AR-1    0.5    1 0.5      0      0    0      0
SR      0.0    0 0.0      0      0    0      0
ND-2/3  0.0    0 0.0      0      0    0      0
CE-2/3  0.0    0 0.0      0      0    0      0
CE-1    0.0    0 0.0      0      0    0      0
AR-2/3  0.0    0 0.0      0      0    0      0


Transitional Probabilities

          ND-1  AR-1      SR ND-2/3 CE-2/3  CE-1 AR-2/3
ND-1       0.0     1     0.0      0      0     0      0
AR-1       0.5     0     0.5      0      0     0      0
SR     -9999.0 -9999 -9999.0  -9999  -9999 -9999  -9999
ND-2/3 -9999.0 -9999 -9999.0  -9999  -9999 -9999  -9999
CE-2/3 -9999.0 -9999 -9999.0  -9999  -9999 -9999  -9999
CE-1   -9999.0 -9999 -9999.0  -9999  -9999 -9999  -9999
AR-2/3 -9999.0 -9999 -9999.0  -9999  -9999 -9999  -9999


Tablewise Likelihood Ratio (Chi-Square) test = 5.55,  df = 36,  p = 1


Adjusted Residuals

           ND-1  AR-1       SR ND-2/3 CE-2/3  CE-1 AR-2/3
ND-1      -1.15     2    -1.15  -9999  -9999 -9999  -9999
AR-1       1.15    -2     1.15  -9999  -9999 -9999  -9999
SR     -9999.00 -9999 -9999.00  -9999  -9999 -9999  -9999
ND-2/3 -9999.00 -9999 -9999.00  -9999  -9999 -9999  -9999
CE-2/3 -9999.00 -9999 -9999.00  -9999  -9999 -9999  -9999
CE-1   -9999.00 -9999 -9999.00  -9999  -9999 -9999  -9999
AR-2/3 -9999.00 -9999 -9999.00  -9999  -9999 -9999  -9999


Significance Levels for the Adjusted Residuals

          ND-1    AR-1      SR ND-2/3 CE-2/3 CE-1 AR-2/3
ND-1    0.2482  0.0455  0.2482     -1     -1   -1     -1
AR-1    0.2482  0.0455  0.2482     -1     -1   -1     -1
SR     -1.0000 -1.0000 -1.0000     -1     -1   -1     -1
ND-2/3 -1.0000 -1.0000 -1.0000     -1     -1   -1     -1
CE-2/3 -1.0000 -1.0000 -1.0000     -1     -1   -1     -1
CE-1   -1.0000 -1.0000 -1.0000     -1     -1   -1     -1
AR-2/3 -1.0000 -1.0000 -1.0000     -1     -1   -1     -1


Yule's Q Values

        ND-1  AR-1    SR ND-2/3 CE-2/3  CE-1 AR-2/3
ND-1      -1     1    -1  -9999  -9999 -9999  -9999
AR-1       1    -1     1  -9999  -9999 -9999  -9999
SR     -9999 -9999 -9999  -9999  -9999 -9999  -9999
ND-2/3 -9999 -9999 -9999  -9999  -9999 -9999  -9999
CE-2/3 -9999 -9999 -9999  -9999  -9999 -9999  -9999
CE-1   -9999 -9999 -9999  -9999  -9999 -9999  -9999
AR-2/3 -9999 -9999 -9999  -9999  -9999 -9999  -9999


Unidirectional Kappas

           ND-1  AR-1    SR ND-2/3 CE-2/3  CE-1 AR-2/3
ND-1      -1.00     1    -1  -9999  -9999 -9999  -9999
AR-1       0.17    -1     1  -9999  -9999 -9999  -9999
SR        -1.00    -1    -1  -9999  -9999 -9999  -9999
ND-2/3 -9999.00 -9999 -9999  -9999  -9999 -9999  -9999
CE-2/3 -9999.00 -9999 -9999  -9999  -9999 -9999  -9999
CE-1   -9999.00 -9999 -9999  -9999  -9999 -9999  -9999
AR-2/3 -9999.00 -9999 -9999  -9999  -9999 -9999  -9999


z values for the Unidirectional Kappas

           ND-1     AR-1       SR ND-2/3 CE-2/3  CE-1 AR-2/3
ND-1      -1.33     2.00    -0.82  -9999  -9999 -9999  -9999
AR-1       0.33    -1.33     1.22  -9999  -9999 -9999  -9999
SR        -0.82    -0.82    -0.50  -9999  -9999 -9999  -9999
ND-2/3 -9999.00 -9999.00 -9999.00  -9999  -9999 -9999  -9999
CE-2/3 -9999.00 -9999.00 -9999.00  -9999  -9999 -9999  -9999
CE-1   -9999.00 -9999.00 -9999.00  -9999  -9999 -9999  -9999
AR-2/3 -9999.00 -9999.00 -9999.00  -9999  -9999 -9999  -9999


Significance Levels for the Unidirectional Kappas

         ND-1   AR-1     SR ND-2/3 CE-2/3 CE-1 AR-2/3
ND-1   0.1824 0.0455 0.4142      1      1    1      1
AR-1   0.7389 0.1824 0.2207      1      1    1      1
SR     0.4142 0.4142 0.6171      1      1    1      1
ND-2/3 1.0000 1.0000 1.0000      1      1    1      1
CE-2/3 1.0000 1.0000 1.0000      1      1    1      1
CE-1   1.0000 1.0000 1.0000      1      1    1      1
AR-2/3 1.0000 1.0000 1.0000      1      1    1      1



Group/Segment Number: 7 

Cell Frequencies, Row & Column Totals, & N

       ND-1 AR-1 SR ND-2/3 CE-2/3 CE-1 AR-2/3 Totals
ND-1      0    1  0      3      1    0      0      5
AR-1      4    0  1      0      0    0      0      5
SR        0    0  0      0      0    0      0      0
ND-2/3    0    3  0      0      0    1      0      4
CE-2/3    0    1  0      0      0    0      0      1
CE-1      0    0  0      1      0    0      0      1
AR-2/3    0    0  0      0      0    0      0      0
Totals    4    5  1      4      1    1      0     16


Expected Values/Frequencies

       ND-1 AR-1   SR ND-2/3 CE-2/3 CE-1 AR-2/3
ND-1   1.25 1.56 0.31   1.25   0.31 0.31      0
AR-1   1.25 1.56 0.31   1.25   0.31 0.31      0
SR     0.00 0.00 0.00   0.00   0.00 0.00      0
ND-2/3 1.00 1.25 0.25   1.00   0.25 0.25      0
CE-2/3 0.25 0.31 0.06   0.25   0.06 0.06      0
CE-1   0.25 0.31 0.06   0.25   0.06 0.06      0
AR-2/3 0.00 0.00 0.00   0.00   0.00 0.00      0


Transitional Probabilities

          ND-1     AR-1      SR  ND-2/3  CE-2/3     CE-1 AR-2/3
ND-1       0.0     0.20     0.0     0.6     0.2     0.00      0
AR-1       0.8     0.00     0.2     0.0     0.0     0.00      0
SR     -9999.0 -9999.00 -9999.0 -9999.0 -9999.0 -9999.00  -9999
ND-2/3     0.0     0.75     0.0     0.0     0.0     0.25      0
CE-2/3     0.0     1.00     0.0     0.0     0.0     0.00      0
CE-1       0.0     0.00     0.0     1.0     0.0     0.00      0
AR-2/3 -9999.0 -9999.00 -9999.0 -9999.0 -9999.0 -9999.00  -9999


Tablewise Likelihood Ratio (Chi-Square) test = 31.44,  df = 36,  p = 0.68513


Adjusted Residuals

           ND-1     AR-1       SR   ND-2/3   CE-2/3     CE-1 AR-2/3
ND-1      -1.56    -0.65    -0.70     2.18     1.53    -0.70  -9999
AR-1       3.43    -1.82     1.53    -1.56    -0.70    -0.70  -9999
SR     -9999.00 -9999.00 -9999.00 -9999.00 -9999.00 -9999.00  -9999
ND-2/3    -1.33     2.18    -0.60    -1.33    -0.60     1.79  -9999
CE-2/3    -0.60     1.53    -0.27    -0.60    -0.27    -0.27  -9999
CE-1      -0.60    -0.70    -0.27     1.79    -0.27    -0.27  -9999
AR-2/3 -9999.00 -9999.00 -9999.00 -9999.00 -9999.00 -9999.00  -9999


Significance Levels for the Adjusted Residuals

          ND-1    AR-1      SR  ND-2/3  CE-2/3    CE-1 AR-2/3
ND-1    0.1195  0.5128  0.4862  0.0293  0.1256  0.4862     -1
AR-1    0.0006  0.0690  0.1256  0.1195  0.4862  0.4862     -1
SR     -1.0000 -1.0000 -1.0000 -1.0000 -1.0000 -1.0000     -1
ND-2/3  0.1824  0.0293  0.5510  0.1824  0.5510  0.0736     -1
CE-2/3  0.5510  0.1256  0.7897  0.5510  0.7897  0.7897     -1
CE-1    0.5510  0.4862  0.7897  0.0736  0.7897  0.7897     -1
AR-2/3 -1.0000 -1.0000 -1.0000 -1.0000 -1.0000 -1.0000     -1


Yule's Q Values

        ND-1     AR-1    SR   ND-2/3 CE-2/3  CE-1 AR-2/3
ND-1      -1    -0.39    -1     0.88      1    -1  -9999
AR-1       1    -1.00     1    -1.00     -1    -1  -9999
SR     -9999 -9999.00 -9999 -9999.00  -9999 -9999  -9999
ND-2/3    -1     0.88    -1    -1.00     -1     1  -9999
CE-2/3    -1     1.00    -1    -1.00     -1    -1  -9999
CE-1      -1    -1.00    -1     1.00     -1    -1  -9999
AR-2/3 -9999 -9999.00 -9999 -9999.00  -9999 -9999  -9999


Unidirectional Kappas

           ND-1     AR-1    SR   ND-2/3 CE-2/3  CE-1 AR-2/3
ND-1      -1.00    -0.32    -1     0.65      1    -1  -9999
AR-1       0.72    -1.00     1    -1.00     -1    -1  -9999
SR        -1.00    -1.00    -1    -1.00     -1    -1  -9999
ND-2/3    -1.00     0.65    -1    -1.00     -1     1  -9999
CE-2/3    -1.00     1.00    -1    -1.00     -1    -1  -9999
CE-1      -1.00    -1.00    -1     1.00     -1    -1  -9999
AR-2/3 -9999.00 -9999.00 -9999 -9999.00  -9999 -9999  -9999


z values for the Unidirectional Kappas

           ND-1     AR-1       SR   ND-2/3   CE-2/3     CE-1 AR-2/3
ND-1      -1.67    -0.53    -0.65     2.22     1.55    -0.65  -9999
AR-1       2.87    -1.67     1.55    -1.43    -0.65    -0.65  -9999
SR        -0.65    -0.65    -0.25    -0.55    -0.25    -0.25  -9999
ND-2/3    -1.43     2.22    -0.55    -1.23    -0.55     1.80  -9999
CE-2/3    -0.65     1.55    -0.25    -0.55    -0.25    -0.25  -9999
CE-1      -0.65    -0.65    -0.25     1.80    -0.25    -0.25  -9999
AR-2/3 -9999.00 -9999.00 -9999.00 -9999.00 -9999.00 -9999.00  -9999


Significance Levels for the Unidirectional Kappas

         ND-1   AR-1     SR ND-2/3 CE-2/3   CE-1 AR-2/3
ND-1   0.0956 0.5938 0.5186 0.0264 0.1213 0.5186      1
AR-1   0.0041 0.0956 0.1213 0.1521 0.5186 0.5186      1
SR     0.5186 0.5186 0.8026 0.5791 0.8026 0.8026      1
ND-2/3 0.1521 0.0264 0.5791 0.2184 0.5791 0.0714      1
CE-2/3 0.5186 0.1213 0.8026 0.5791 0.8026 0.8026      1
CE-1   0.5186 0.5186 0.8026 0.0714 0.8026 0.8026      1
AR-2/3 1.0000 1.0000 1.0000 1.0000 1.0000 1.0000      1



Group/Segment Number: 8 

Cell Frequencies, Row & Column Totals, & N

       ND-1 AR-1 SR ND-2/3 CE-2/3 CE-1 AR-2/3 Totals
ND-1      0    2  0      1      1    0      0      4
AR-1      3    0  0      0      0    0      0      3
SR        0    0  0      0      0    0      0      0
ND-2/3    0    1  0      0      0    0      0      1
CE-2/3    0    0  0      0      0    0      1      1
CE-1      0    0  0      0      0    0      0      0
AR-2/3    0    0  1      0      0    0      0      1
Totals    3    3  1      1      1    0      1     10


Expected Values/Frequencies

       ND-1 AR-1  SR ND-2/3 CE-2/3 CE-1 AR-2/3
ND-1    1.2  1.2 0.4    0.4    0.4    0    0.4
AR-1    0.9  0.9 0.3    0.3    0.3    0    0.3
SR      0.0  0.0 0.0    0.0    0.0    0    0.0
ND-2/3  0.3  0.3 0.1    0.1    0.1    0    0.1
CE-2/3  0.3  0.3 0.1    0.1    0.1    0    0.1
CE-1    0.0  0.0 0.0    0.0    0.0    0    0.0
AR-2/3  0.3  0.3 0.1    0.1    0.1    0    0.1


Transitional Probabilities

        ND-1    AR-1    SR   ND-2/3   CE-2/3  CE-1 AR-2/3
ND-1       0     0.5     0     0.25     0.25     0      0
AR-1       1     0.0     0     0.00     0.00     0      0
SR     -9999 -9999.0 -9999 -9999.00 -9999.00 -9999  -9999
ND-2/3     0     1.0     0     0.00     0.00     0      0
CE-2/3     0     0.0     0     0.00     0.00     0      1
CE-1   -9999 -9999.0 -9999 -9999.00 -9999.00 -9999  -9999
AR-2/3     0     0.0     1     0.00     0.00     0      0


Tablewise Likelihood Ratio (Chi-Square) test = 24.55,  df = 36,  p = 0.92587


Adjusted Residuals

           ND-1     AR-1       SR   ND-2/3   CE-2/3  CE-1   AR-2/3
ND-1      -1.69     1.13    -0.86     1.29     1.29 -9999    -0.86
AR-1       3.16    -1.36    -0.69    -0.69    -0.69 -9999    -0.69
SR     -9999.00 -9999.00 -9999.00 -9999.00 -9999.00 -9999 -9999.00
ND-2/3    -0.69     1.61    -0.35    -0.35    -0.35 -9999    -0.35
CE-2/3    -0.69    -0.69    -0.35    -0.35    -0.35 -9999     3.16
CE-1   -9999.00 -9999.00 -9999.00 -9999.00 -9999.00 -9999 -9999.00
AR-2/3    -0.69    -0.69     3.16    -0.35    -0.35 -9999    -0.35


Significance Levels for the Adjusted Residuals

          ND-1    AR-1      SR  ND-2/3  CE-2/3 CE-1  AR-2/3
ND-1    0.0910  0.2598  0.3894  0.1967  0.1967   -1  0.3894
AR-1    0.0016  0.1753  0.4902  0.4902  0.4902   -1  0.4902
SR     -1.0000 -1.0000 -1.0000 -1.0000 -1.0000   -1 -1.0000
ND-2/3  0.4902  0.1074  0.7253  0.7253  0.7253   -1  0.7253
CE-2/3  0.4902  0.4902  0.7253  0.7253  0.7253   -1  0.0016
CE-1   -1.0000 -1.0000 -1.0000 -1.0000 -1.0000   -1 -1.0000
AR-2/3  0.4902  0.4902  0.0016  0.7253  0.7253   -1  0.7253


Yule's Q Values

        ND-1     AR-1    SR ND-2/3 CE-2/3  CE-1 AR-2/3
ND-1      -1     0.67    -1      1      1 -9999     -1
AR-1       1    -1.00    -1     -1     -1 -9999     -1
SR     -9999 -9999.00 -9999  -9999  -9999 -9999  -9999
ND-2/3    -1     1.00    -1     -1     -1 -9999     -1
CE-2/3    -1    -1.00    -1     -1     -1 -9999      1
CE-1   -9999 -9999.00 -9999  -9999  -9999 -9999  -9999
AR-2/3    -1    -1.00     1     -1     -1 -9999     -1


Unidirectional Kappas

        ND-1     AR-1    SR ND-2/3 CE-2/3  CE-1 AR-2/3
ND-1      -1     0.48    -1      1      1 -9999     -1
AR-1       1    -1.00    -1     -1     -1 -9999     -1
SR        -1    -1.00    -1     -1     -1 -9999     -1
ND-2/3    -1     1.00    -1     -1     -1 -9999     -1
CE-2/3    -1    -1.00    -1     -1     -1 -9999      1
CE-1   -9999 -9999.00 -9999  -9999  -9999 -9999  -9999
AR-2/3    -1    -1.00     1     -1     -1 -9999     -1


z values for the Unidirectional Kappas

           ND-1     AR-1       SR   ND-2/3   CE-2/3  CE-1   AR-2/3
ND-1      -1.81     1.22    -0.76     1.32     1.32 -9999    -0.76
AR-1       2.56    -1.19    -0.61    -0.61    -0.61 -9999    -0.61
SR        -0.76    -0.61    -0.32    -0.32    -0.32 -9999    -0.32
ND-2/3    -0.76     1.63    -0.32    -0.32    -0.32 -9999    -0.32
CE-2/3    -0.76    -0.61    -0.32    -0.32    -0.32 -9999     3.16
CE-1   -9999.00 -9999.00 -9999.00 -9999.00 -9999.00 -9999 -9999.00
AR-2/3    -0.76    -0.61     3.16    -0.32    -0.32 -9999    -0.32


Significance Levels for the Unidirectional Kappas

         ND-1   AR-1     SR ND-2/3 CE-2/3 CE-1 AR-2/3
ND-1   0.0708 0.2225 0.4497 0.1859 0.1859    1 0.4497
AR-1   0.0104 0.2357 0.5403 0.5403 0.5403    1 0.5403
SR     0.4497 0.5403 0.7518 0.7518 0.7518    1 0.7518
ND-2/3 0.4497 0.1025 0.7518 0.7518 0.7518    1 0.7518
CE-2/3 0.4497 0.5403 0.7518 0.7518 0.7518    1 0.0016
CE-1   1.0000 1.0000 1.0000 1.0000 1.0000    1 1.0000
AR-2/3 0.4497 0.5403 0.0016 0.7518 0.7518    1 0.7518



Group/Segment Number: 9 

Cell Frequencies, Row & Column Totals, & N

       ND-1 AR-1 SR ND-2/3 CE-2/3 CE-1 AR-2/3 Totals
ND-1      0    1  0      2      1    0      0      4
AR-1      3    1  1      0      0    0      0      5
SR        0    0  0      0      0    0      0      0
ND-2/3    0    1  0      0      1    0      0      2
CE-2/3    0    2  0      0      0    0      0      2
CE-1      0    0  0      0      0    0      0      0
AR-2/3    0    0  0      0      0    0      0      0
Totals    3    5  1      2      2    0      0     13


Expected Values/Frequencies

       ND-1 AR-1   SR ND-2/3 CE-2/3 CE-1 AR-2/3
ND-1   0.92 1.54 0.31   0.62   0.62    0      0
AR-1   1.15 1.92 0.38   0.77   0.77    0      0
SR     0.00 0.00 0.00   0.00   0.00    0      0
ND-2/3 0.46 0.77 0.15   0.31   0.31    0      0
CE-2/3 0.46 0.77 0.15   0.31   0.31    0      0
CE-1   0.00 0.00 0.00   0.00   0.00    0      0
AR-2/3 0.00 0.00 0.00   0.00   0.00    0      0


Transitional Probabilities

          ND-1     AR-1      SR  ND-2/3   CE-2/3  CE-1 AR-2/3
ND-1       0.0     0.25     0.0     0.5     0.25     0      0
AR-1       0.6     0.20     0.2     0.0     0.00     0      0
SR     -9999.0 -9999.00 -9999.0 -9999.0 -9999.00 -9999  -9999
ND-2/3     0.0     0.50     0.0     0.0     0.50     0      0
CE-2/3     0.0     1.00     0.0     0.0     0.00     0      0
CE-1   -9999.0 -9999.00 -9999.0 -9999.0 -9999.00 -9999  -9999
AR-2/3 -9999.0 -9999.00 -9999.0 -9999.0 -9999.00 -9999  -9999


Tablewise Likelihood Ratio (Chi-Square) test = 17.86,  df = 36,  p = 0.99506


Adjusted Residuals

           ND-1     AR-1       SR   ND-2/3   CE-2/3  CE-1 AR-2/3
ND-1      -1.32    -0.67    -0.69     2.31     0.64 -9999  -9999
AR-1       2.50    -1.08     1.32    -1.22    -1.22 -9999  -9999
SR     -9999.00 -9999.00 -9999.00 -9999.00 -9999.00 -9999  -9999
ND-2/3    -0.84     0.36    -0.44    -0.66     1.47 -9999  -9999
CE-2/3    -0.84     1.94    -0.44    -0.66    -0.66 -9999  -9999
CE-1   -9999.00 -9999.00 -9999.00 -9999.00 -9999.00 -9999  -9999
AR-2/3 -9999.00 -9999.00 -9999.00 -9999.00 -9999.00 -9999  -9999


Significance Levels for the Adjusted Residuals

          ND-1    AR-1      SR  ND-2/3  CE-2/3 CE-1 AR-2/3
ND-1    0.1880  0.5060  0.4878  0.0211  0.5218   -1     -1
AR-1    0.0125  0.2794  0.1880  0.2242  0.2242   -1     -1
SR     -1.0000 -1.0000 -1.0000 -1.0000 -1.0000   -1     -1
ND-2/3  0.3997  0.7154  0.6572  0.5121  0.1402   -1     -1
CE-2/3  0.3997  0.0518  0.6572  0.5121  0.5121   -1     -1
CE-1   -1.0000 -1.0000 -1.0000 -1.0000 -1.0000   -1     -1
AR-2/3 -1.0000 -1.0000 -1.0000 -1.0000 -1.0000   -1     -1


Yule's Q Values

        ND-1     AR-1    SR ND-2/3   CE-2/3  CE-1 AR-2/3
ND-1      -1    -0.41    -1      1     0.45 -9999  -9999
AR-1       1    -0.60     1     -1    -1.00 -9999  -9999
SR     -9999 -9999.00 -9999  -9999 -9999.00 -9999  -9999
ND-2/3    -1     0.27    -1     -1     0.82 -9999  -9999
CE-2/3    -1     1.00    -1     -1    -1.00 -9999  -9999
CE-1   -9999 -9999.00 -9999  -9999 -9999.00 -9999  -9999
AR-2/3 -9999 -9999.00 -9999  -9999 -9999.00 -9999  -9999


Unidirectional Kappas

           ND-1     AR-1    SR ND-2/3   CE-2/3  CE-1 AR-2/3
ND-1      -1.00    -0.30    -1      1     0.30 -9999  -9999
AR-1       0.61    -0.44     1     -1    -1.00 -9999  -9999
SR        -1.00    -1.00    -1     -1    -1.00 -9999  -9999
ND-2/3    -1.00     0.22    -1     -1     0.42 -9999  -9999
CE-2/3    -1.00     1.00    -1     -1    -1.00 -9999  -9999
CE-1   -9999.00 -9999.00 -9999  -9999 -9999.00 -9999  -9999
AR-2/3 -9999.00 -9999.00 -9999  -9999 -9999.00 -9999  -9999


z values for the Unidirectional Kappas

           ND-1     AR-1       SR   ND-2/3   CE-2/3  CE-1 AR-2/3
ND-1      -1.44    -0.51    -0.63     2.33     0.70 -9999  -9999
AR-1       1.87    -0.88     1.34    -1.10    -1.10 -9999  -9999
SR        -0.63    -0.75    -0.28    -0.41    -0.41 -9999  -9999
ND-2/3    -0.93     0.44    -0.41    -0.60     1.50 -9999  -9999
CE-2/3    -0.93     1.97    -0.41    -0.60    -0.60 -9999  -9999
CE-1   -9999.00 -9999.00 -9999.00 -9999.00 -9999.00 -9999  -9999
AR-2/3 -9999.00 -9999.00 -9999.00 -9999.00 -9999.00 -9999  -9999


Significance Levels for the Unidirectional Kappas

         ND-1   AR-1     SR ND-2/3 CE-2/3 CE-1 AR-2/3
ND-1   0.1492 0.6101 0.5271 0.0199 0.4850    1      1
AR-1   0.0615 0.3781 0.1797 0.2726 0.2726    1      1
SR     0.5271 0.4561 0.7815 0.6831 0.6831    1      1
ND-2/3 0.3519 0.6608 0.6831 0.5479 0.1330    1      1
CE-2/3 0.3519 0.0483 0.6831 0.5479 0.5479    1      1
CE-1   1.0000 1.0000 1.0000 1.0000 1.0000    1      1
AR-2/3 1.0000 1.0000 1.0000 1.0000 1.0000    1      1



Group/Segment Number: 10 

Cell Frequencies, Row & Column Totals, & N

       ND-1 AR-1 SR ND-2/3 CE-2/3 CE-1 AR-2/3 Totals
ND-1      1    5  0      0      0    0      0      6
AR-1      4    0  1      0      0    0      0      5
SR        0    0  0      0      0    0      0      0
ND-2/3    0    0  0      0      0    0      0      0
CE-2/3    0    0  0      0      0    0      0      0
CE-1      0    0  0      0      0    0      0      0
AR-2/3    0    0  0      0      0    0      0      0
Totals    5    5  1      0      0    0      0     11


Expected Values/Frequencies

       ND-1 AR-1   SR ND-2/3 CE-2/3 CE-1 AR-2/3
ND-1   2.73 2.73 0.55      0      0    0      0
AR-1   2.27 2.27 0.45      0      0    0      0
SR     0.00 0.00 0.00      0      0    0      0
ND-2/3 0.00 0.00 0.00      0      0    0      0
CE-2/3 0.00 0.00 0.00      0      0    0      0
CE-1   0.00 0.00 0.00      0      0    0      0
AR-2/3 0.00 0.00 0.00      0      0    0      0


Transitional Probabilities

           ND-1     AR-1      SR ND-2/3 CE-2/3  CE-1 AR-2/3
ND-1       0.17     0.83     0.0      0      0     0      0
AR-1       0.80     0.00     0.2      0      0     0      0
SR     -9999.00 -9999.00 -9999.0  -9999  -9999 -9999  -9999
ND-2/3 -9999.00 -9999.00 -9999.0  -9999  -9999 -9999  -9999
CE-2/3 -9999.00 -9999.00 -9999.0  -9999  -9999 -9999  -9999
CE-1   -9999.00 -9999.00 -9999.0  -9999  -9999 -9999  -9999
AR-2/3 -9999.00 -9999.00 -9999.0  -9999  -9999 -9999  -9999


Tablewise Likelihood Ratio (Chi-Square) test = 10.15,  df = 36,  p = 0.99999


Adjusted Residuals

          ND-1     AR-1       SR ND-2/3 CE-2/3  CE-1 AR-2/3
ND-1      -2.1     2.76    -1.15  -9999  -9999 -9999  -9999
AR-1       2.1    -2.76     1.15  -9999  -9999 -9999  -9999
SR     -9999.0 -9999.00 -9999.00  -9999  -9999 -9999  -9999
ND-2/3 -9999.0 -9999.00 -9999.00  -9999  -9999 -9999  -9999
CE-2/3 -9999.0 -9999.00 -9999.00  -9999  -9999 -9999  -9999
CE-1   -9999.0 -9999.00 -9999.00  -9999  -9999 -9999  -9999
AR-2/3 -9999.0 -9999.00 -9999.00  -9999  -9999 -9999  -9999


Significance Levels for the Adjusted Residuals

          ND-1    AR-1      SR ND-2/3 CE-2/3 CE-1 AR-2/3
ND-1    0.0357  0.0057  0.2506     -1     -1   -1     -1
AR-1    0.0357  0.0057  0.2506     -1     -1   -1     -1
SR     -1.0000 -1.0000 -1.0000     -1     -1   -1     -1
ND-2/3 -1.0000 -1.0000 -1.0000     -1     -1   -1     -1
CE-2/3 -1.0000 -1.0000 -1.0000     -1     -1   -1     -1
CE-1   -1.0000 -1.0000 -1.0000     -1     -1   -1     -1
AR-2/3 -1.0000 -1.0000 -1.0000     -1     -1   -1     -1


Yule's Q Values

          ND-1  AR-1    SR ND-2/3 CE-2/3  CE-1 AR-2/3
ND-1      -0.9     1    -1  -9999  -9999 -9999  -9999
AR-1       0.9    -1     1  -9999  -9999 -9999  -9999
SR     -9999.0 -9999 -9999  -9999  -9999 -9999  -9999
ND-2/3 -9999.0 -9999 -9999  -9999  -9999 -9999  -9999
CE-2/3 -9999.0 -9999 -9999  -9999  -9999 -9999  -9999
CE-1   -9999.0 -9999 -9999  -9999  -9999 -9999  -9999
AR-2/3 -9999.0 -9999 -9999  -9999  -9999 -9999  -9999


Unidirectional Kappas

           ND-1  AR-1    SR ND-2/3 CE-2/3  CE-1 AR-2/3
ND-1      -0.67     1    -1  -9999  -9999 -9999  -9999
AR-1       0.60    -1     1  -9999  -9999 -9999  -9999
SR        -1.00    -1    -1  -9999  -9999 -9999  -9999
ND-2/3 -9999.00 -9999 -9999  -9999  -9999 -9999  -9999
CE-2/3 -9999.00 -9999 -9999  -9999  -9999 -9999  -9999
CE-1   -9999.00 -9999 -9999  -9999  -9999 -9999  -9999
AR-2/3 -9999.00 -9999 -9999  -9999  -9999 -9999  -9999


z values for the Unidirectional Kappas

           ND-1     AR-1       SR ND-2/3 CE-2/3  CE-1 AR-2/3
ND-1      -2.21     2.80    -1.00  -9999  -9999 -9999  -9999
AR-1       1.68    -2.37     1.18  -9999  -9999 -9999  -9999
SR        -1.00    -0.85    -0.30  -9999  -9999 -9999  -9999
ND-2/3 -9999.00 -9999.00 -9999.00  -9999  -9999 -9999  -9999
CE-2/3 -9999.00 -9999.00 -9999.00  -9999  -9999 -9999  -9999
CE-1   -9999.00 -9999.00 -9999.00  -9999  -9999 -9999  -9999
AR-2/3 -9999.00 -9999.00 -9999.00  -9999  -9999 -9999  -9999


Significance Levels for the Unidirectional Kappas

         ND-1   AR-1     SR ND-2/3 CE-2/3 CE-1 AR-2/3
ND-1   0.0270 0.0051 0.3173      1      1    1      1
AR-1   0.0926 0.0178 0.2367      1      1    1      1
SR     0.3173 0.3980 0.7630      1      1    1      1
ND-2/3 1.0000 1.0000 1.0000      1      1    1      1
CE-2/3 1.0000 1.0000 1.0000      1      1    1      1
CE-1   1.0000 1.0000 1.0000      1      1    1      1
AR-2/3 1.0000 1.0000 1.0000      1      1    1      1



Group/Segment Number: 11 

Cell Frequencies, Row & Column Totals, & N

       ND-1 AR-1 SR ND-2/3 CE-2/3 CE-1 AR-2/3 Totals
ND-1      0    5  0      1      0    0      2      8
AR-1      6    0  0      1      0    0      0      7
SR        0    0  0      0      0    0      0      0
ND-2/3    0    1  0      0      0    1      0      2
CE-2/3    0    0  0      0      0    0      0      0
CE-1      0    0  0      0      0    0      1      1
AR-2/3    1    1  1      0      0    0      0      3
Totals    7    7  1      2      0    1      3     21


Expected Values/Frequencies

       ND-1 AR-1   SR ND-2/3 CE-2/3 CE-1 AR-2/3
ND-1   2.67 2.67 0.38   0.76      0 0.38   1.14
AR-1   2.33 2.33 0.33   0.67      0 0.33   1.00
SR     0.00 0.00 0.00   0.00      0 0.00   0.00
ND-2/3 0.67 0.67 0.10   0.19      0 0.10   0.29
CE-2/3 0.00 0.00 0.00   0.00      0 0.00   0.00
CE-1   0.33 0.33 0.05   0.10      0 0.05   0.14
AR-2/3 1.00 1.00 0.14   0.29      0 0.14   0.43


Transitional Probabilities

           ND-1     AR-1       SR   ND-2/3 CE-2/3    CE-1   AR-2/3
ND-1       0.00     0.62     0.00     0.12      0     0.0     0.25
AR-1       0.86     0.00     0.00     0.14      0     0.0     0.00
SR     -9999.00 -9999.00 -9999.00 -9999.00  -9999 -9999.0 -9999.00
ND-2/3     0.00     0.50     0.00     0.00      0     0.5     0.00
CE-2/3 -9999.00 -9999.00 -9999.00 -9999.00  -9999 -9999.0 -9999.00
CE-1       0.00     0.00     0.00     0.00      0     0.0     1.00
AR-2/3     0.33     0.33     0.33     0.00      0     0.0     0.00


Tablewise Likelihood Ratio (Chi-Square) test = 34.51,  df = 36,  p = 0.53948


Adjusted Residuals

           ND-1     AR-1       SR   ND-2/3 CE-2/3     CE-1   AR-2/3
ND-1      -2.54     2.22    -0.80     0.36  -9999    -0.80     1.10
AR-1       3.60    -2.29    -0.72     0.53  -9999    -0.72    -1.32
SR     -9999.00 -9999.00 -9999.00 -9999.00  -9999 -9999.00 -9999.00
ND-2/3    -1.05     0.53    -0.33    -0.48  -9999     3.16    -0.61
CE-2/3 -9999.00 -9999.00 -9999.00 -9999.00  -9999 -9999.00 -9999.00
CE-1      -0.72    -0.72    -0.23    -0.33  -9999    -0.23     2.51
AR-2/3     0.00     0.00     2.51    -0.61  -9999    -0.42    -0.76


Significance Levels for the Adjusted Residuals

          ND-1    AR-1      SR  ND-2/3 CE-2/3    CE-1  AR-2/3
ND-1    0.0110  0.0261  0.4215  0.7155     -1  0.4215  0.2710
AR-1    0.0003  0.0219  0.4687  0.5991     -1  0.4687  0.1859
SR     -1.0000 -1.0000 -1.0000 -1.0000     -1 -1.0000 -1.0000
ND-2/3  0.2931  0.5991  0.7395  0.6295     -1  0.0016  0.5439
CE-2/3 -1.0000 -1.0000 -1.0000 -1.0000     -1 -1.0000 -1.0000
CE-1    0.4687  0.4687  0.8188  0.7395     -1  0.8188  0.0121
AR-2/3  1.0000  1.0000  0.0121  0.5439     -1  0.6757  0.4450


Yule's Q Values

           ND-1     AR-1    SR   ND-2/3 CE-2/3  CE-1  AR-2/3
ND-1      -1.00     0.80    -1     0.26  -9999    -1     0.6
AR-1       0.97    -1.00    -1     0.37  -9999    -1    -1.0
SR     -9999.00 -9999.00 -9999 -9999.00  -9999 -9999 -9999.0
ND-2/3    -1.00     0.37    -1    -1.00  -9999     1    -1.0
CE-2/3 -9999.00 -9999.00 -9999 -9999.00  -9999 -9999 -9999.0
CE-1      -1.00    -1.00    -1    -1.00  -9999    -1     1.0
AR-2/3     0.00     0.00     1    -1.00  -9999    -1    -1.0


Unidirectional Kappas

           ND-1     AR-1    SR   ND-2/3 CE-2/3  CE-1   AR-2/3
ND-1      -1.00     0.55    -1     0.21  -9999    -1     0.48
AR-1       0.78    -1.00    -1     0.27  -9999    -1    -1.00
SR        -1.00    -1.00    -1    -1.00  -9999    -1    -1.00
ND-2/3    -1.00     0.27    -1    -1.00  -9999     1    -1.00
CE-2/3 -9999.00 -9999.00 -9999 -9999.00  -9999 -9999 -9999.00
CE-1      -1.00    -1.00    -1    -1.00  -9999    -1     1.00
AR-2/3    -0.08     0.02     1    -1.00  -9999    -1    -1.00


z values for the Unidirectional Kappas

           ND-1     AR-1       SR   ND-2/3 CE-2/3     CE-1   AR-2/3
ND-1      -2.62     2.28    -0.76     0.41  -9999    -0.76     1.15
AR-1       3.21    -2.14    -0.68     0.57  -9999    -0.68    -1.24
SR        -0.76    -0.68    -0.22    -0.32  -9999    -0.22    -0.40
ND-2/3    -1.10     0.57    -0.32    -0.46  -9999     3.16    -0.58
CE-2/3 -9999.00 -9999.00 -9999.00 -9999.00  -9999 -9999.00 -9999.00
CE-1      -0.76    -0.68    -0.22    -0.32  -9999    -0.22     2.52
AR-2/3    -0.11     0.06     2.52    -0.58  -9999    -0.40    -0.72


Significance Levels for the Unidirectional Kappas

         ND-1   AR-1     SR ND-2/3 CE-2/3   CE-1 AR-2/3
ND-1   0.0088 0.0225 0.4497 0.6812      1 0.4497 0.2513
AR-1   0.0013 0.0325 0.4945 0.5716      1 0.4945 0.2135
SR     0.4497 0.4945 0.8273 0.7518      1 0.8273 0.6911
ND-2/3 0.2733 0.5716 0.7518 0.6468      1 0.0016 0.5647
CE-2/3 1.0000 1.0000 1.0000 1.0000      1 1.0000 1.0000
CE-1   0.4497 0.4945 0.8273 0.7518      1 0.8273 0.0118
AR-2/3 0.9087 0.9528 0.0118 0.5647      1 0.6911 0.4693



Group/Segment Number: 12 

Cell Frequencies, Row & Column Totals, & N

       ND-1 AR-1 SR ND-2/3 CE-2/3 CE-1 AR-2/3 Totals
ND-1      1    3  0      1      0    1      0      6
AR-1      4    0  1      0      0    0      0      5
SR        0    0  0      0      0    0      0      0
ND-2/3    0    1  0      0      0    0      0      1
CE-2/3    0    0  0      0      0    0      0      0
CE-1      0    1  0      0      0    0      0      1
AR-2/3    0    0  0      0      0    0      0      0
Totals    5    5  1      1      0    1      0     13


Expected Values/Frequencies

       ND-1 AR-1   SR ND-2/3 CE-2/3 CE-1 AR-2/3
ND-1   2.31 2.31 0.46   0.46      0 0.46      0
AR-1   1.92 1.92 0.38   0.38      0 0.38      0
SR     0.00 0.00 0.00   0.00      0 0.00      0
ND-2/3 0.38 0.38 0.08   0.08      0 0.08      0
CE-2/3 0.00 0.00 0.00   0.00      0 0.00      0
CE-1   0.38 0.38 0.08   0.08      0 0.08      0
AR-2/3 0.00 0.00 0.00   0.00      0 0.00      0


Transitional Probabilities

           ND-1    AR-1      SR   ND-2/3 CE-2/3     CE-1 AR-2/3
ND-1       0.17     0.5     0.0     0.17      0     0.17      0
AR-1       0.80     0.0     0.2     0.00      0     0.00      0
SR     -9999.00 -9999.0 -9999.0 -9999.00  -9999 -9999.00  -9999
ND-2/3     0.00     1.0     0.0     0.00      0     0.00      0
CE-2/3 -9999.00 -9999.0 -9999.0 -9999.00  -9999 -9999.00  -9999
CE-1       0.00     1.0     0.0     0.00      0     0.00      0
AR-2/3 -9999.00 -9999.0 -9999.0 -9999.00  -9999 -9999.00  -9999


Tablewise Likelihood Ratio (Chi-Square) test = 14.59,  df = 36,  p = 0.99942


Adjusted Residuals

           ND-1     AR-1       SR   ND-2/3 CE-2/3     CE-1 AR-2/3
ND-1      -1.50     0.79    -0.96     1.12  -9999     1.12  -9999
AR-1       2.43    -2.25     1.32    -0.82  -9999    -0.82  -9999
SR     -9999.00 -9999.00 -9999.00 -9999.00  -9999 -9999.00  -9999
ND-2/3    -0.82     1.32    -0.30    -0.30  -9999    -0.30  -9999
CE-2/3 -9999.00 -9999.00 -9999.00 -9999.00  -9999 -9999.00  -9999
CE-1      -0.82     1.32    -0.30    -0.30  -9999    -0.30  -9999
AR-2/3 -9999.00 -9999.00 -9999.00 -9999.00  -9999 -9999.00  -9999


Significance Levels for the Adjusted Residuals

          ND-1    AR-1      SR  ND-2/3 CE-2/3    CE-1 AR-2/3
ND-1    0.1348  0.4285  0.3352  0.2609     -1  0.2609     -1
AR-1    0.0149  0.0242  0.1880  0.4106     -1  0.4106     -1
SR     -1.0000 -1.0000 -1.0000 -1.0000     -1 -1.0000     -1
ND-2/3  0.4106  0.1880  0.7638  0.7638     -1  0.7638     -1
CE-2/3 -1.0000 -1.0000 -1.0000 -1.0000     -1 -1.0000     -1
CE-1    0.4106  0.1880  0.7638  0.7638     -1  0.7638     -1
AR-2/3 -1.0000 -1.0000 -1.0000 -1.0000     -1 -1.0000     -1


Yule's Q Values

           ND-1     AR-1    SR ND-2/3 CE-2/3  CE-1 AR-2/3
ND-1      -0.74     0.43    -1      1  -9999     1  -9999
AR-1       0.93    -1.00     1     -1  -9999    -1  -9999
SR     -9999.00 -9999.00 -9999  -9999  -9999 -9999  -9999
ND-2/3    -1.00     1.00    -1     -1  -9999    -1  -9999
CE-2/3 -9999.00 -9999.00 -9999  -9999  -9999 -9999  -9999
CE-1      -1.00     1.00    -1     -1  -9999    -1  -9999
AR-2/3 -9999.00 -9999.00 -9999  -9999  -9999 -9999  -9999


Unidirectional Kappas

           ND-1    AR-1    SR ND-2/3 CE-2/3  CE-1 AR-2/3
ND-1      -0.61     0.3    -1      1  -9999     1  -9999
AR-1       0.65    -1.0     1     -1  -9999    -1  -9999
SR        -1.00    -1.0    -1     -1  -9999    -1  -9999
ND-2/3    -1.00     1.0    -1     -1  -9999    -1  -9999
CE-2/3 -9999.00 -9999.0 -9999  -9999  -9999 -9999  -9999
CE-1      -1.00     1.0    -1     -1  -9999    -1  -9999
AR-2/3 -9999.00 -9999.0 -9999  -9999  -9999 -9999  -9999


z values for the Unidirectional Kappas

           ND-1     AR-1       SR   ND-2/3 CE-2/3     CE-1 AR-2/3
ND-1      -1.65     0.93    -0.87     1.15  -9999     1.15  -9999
AR-1       2.02    -2.00     1.34    -0.75  -9999    -0.75  -9999
SR        -0.87    -0.75    -0.28    -0.28  -9999    -0.28  -9999
ND-2/3    -0.87     1.34    -0.28    -0.28  -9999    -0.28  -9999
CE-2/3 -9999.00 -9999.00 -9999.00 -9999.00  -9999 -9999.00  -9999
CE-1      -0.87     1.34    -0.28    -0.28  -9999    -0.28  -9999
AR-2/3 -9999.00 -9999.00 -9999.00 -9999.00  -9999 -9999.00  -9999


Significance Levels for the Unidirectional Kappas

         ND-1   AR-1     SR ND-2/3 CE-2/3   CE-1 AR-2/3
ND-1   0.0984 0.3519 0.3865 0.2482      1 0.2482      1
AR-1   0.0437 0.0452 0.1797 0.4561      1 0.4561      1
SR     0.3865 0.4561 0.7815 0.7815      1 0.7815      1
ND-2/3 0.3865 0.1797 0.7815 0.7815      1 0.7815      1
CE-2/3 1.0000 1.0000 1.0000 1.0000      1 1.0000      1
CE-1   0.3865 0.1797 0.7815 0.7815      1 0.7815      1
AR-2/3 1.0000 1.0000 1.0000 1.0000      1 1.0000      1



Group/Segment Number: 13 

Cell Frequencies, Row & Column Totals, & N

       ND-1 AR-1 SR ND-2/3 CE-2/3 CE-1 AR-2/3 Totals
ND-1      0    1  0      0      0    0      0      1
AR-1      0    0  1      0      0    0      0      1
SR        0    0  0      0      0    0      0      0
ND-2/3    0    0  0      0      0    0      0      0
CE-2/3    0    0  0      0      0    0      0      0
CE-1      0    0  0      0      0    0      0      0
AR-2/3    0    0  0      0      0    0      0      0
Totals    0    1  1      0      0    0      0      2


Expected Values/Frequencies

       ND-1 AR-1  SR ND-2/3 CE-2/3 CE-1 AR-2/3
ND-1      0  0.5 0.5      0      0    0      0
AR-1      0  0.5 0.5      0      0    0      0
SR        0  0.0 0.0      0      0    0      0
ND-2/3    0  0.0 0.0      0      0    0      0
CE-2/3    0  0.0 0.0      0      0    0      0
CE-1      0  0.0 0.0      0      0    0      0
AR-2/3    0  0.0 0.0      0      0    0      0


Transitional Probabilities

        ND-1  AR-1    SR ND-2/3 CE-2/3  CE-1 AR-2/3
ND-1       0     1     0      0      0     0      0
AR-1       0     0     1      0      0     0      0
SR     -9999 -9999 -9999  -9999  -9999 -9999  -9999
ND-2/3 -9999 -9999 -9999  -9999  -9999 -9999  -9999
CE-2/3 -9999 -9999 -9999  -9999  -9999 -9999  -9999
CE-1   -9999 -9999 -9999  -9999  -9999 -9999  -9999
AR-2/3 -9999 -9999 -9999  -9999  -9999 -9999  -9999


Tablewise Likelihood Ratio (Chi-Square) test = 2.77,  df = 36,  p = 1


Adjusted Residuals

        ND-1     AR-1       SR ND-2/3 CE-2/3  CE-1 AR-2/3
ND-1   -9999     1.41    -1.41  -9999  -9999 -9999  -9999
AR-1   -9999    -1.41     1.41  -9999  -9999 -9999  -9999
SR     -9999 -9999.00 -9999.00  -9999  -9999 -9999  -9999
ND-2/3 -9999 -9999.00 -9999.00  -9999  -9999 -9999  -9999
CE-2/3 -9999 -9999.00 -9999.00  -9999  -9999 -9999  -9999
CE-1   -9999 -9999.00 -9999.00  -9999  -9999 -9999  -9999
AR-2/3 -9999 -9999.00 -9999.00  -9999  -9999 -9999  -9999


Significance Levels for the Adjusted Residuals

       ND-1    AR-1      SR ND-2/3 CE-2/3 CE-1 AR-2/3
ND-1     -1  0.1573  0.1573     -1     -1   -1     -1
AR-1     -1  0.1573  0.1573     -1     -1   -1     -1
SR       -1 -1.0000 -1.0000     -1     -1   -1     -1
ND-2/3   -1 -1.0000 -1.0000     -1     -1   -1     -1
CE-2/3   -1 -1.0000 -1.0000     -1     -1   -1     -1
CE-1     -1 -1.0000 -1.0000     -1     -1   -1     -1
AR-2/3   -1 -1.0000 -1.0000     -1     -1   -1     -1


Yule's Q Values

        ND-1  AR-1    SR ND-2/3 CE-2/3  CE-1 AR-2/3
ND-1   -9999     1    -1  -9999  -9999 -9999  -9999
AR-1   -9999    -1     1  -9999  -9999 -9999  -9999
SR     -9999 -9999 -9999  -9999  -9999 -9999  -9999
ND-2/3 -9999 -9999 -9999  -9999  -9999 -9999  -9999
CE-2/3 -9999 -9999 -9999  -9999  -9999 -9999  -9999
CE-1   -9999 -9999 -9999  -9999  -9999 -9999  -9999
AR-2/3 -9999 -9999 -9999  -9999  -9999 -9999  -9999


Unidirectional Kappas

        ND-1  AR-1    SR ND-2/3 CE-2/3  CE-1 AR-2/3
ND-1      -1     1    -1  -9999  -9999 -9999  -9999
AR-1      -1    -1     1  -9999  -9999 -9999  -9999
SR        -1    -1    -1  -9999  -9999 -9999  -9999
ND-2/3 -9999 -9999 -9999  -9999  -9999 -9999  -9999
CE-2/3 -9999 -9999 -9999  -9999  -9999 -9999  -9999
CE-1   -9999 -9999 -9999  -9999  -9999 -9999  -9999
AR-2/3 -9999 -9999 -9999  -9999  -9999 -9999  -9999


z values for the Unidirectional Kappas

           ND-1     AR-1       SR ND-2/3 CE-2/3  CE-1 AR-2/3
ND-1      -0.71     1.41    -0.71  -9999  -9999 -9999  -9999
AR-1      -0.71    -0.71     1.41  -9999  -9999 -9999  -9999
SR        -0.71    -0.71    -0.71  -9999  -9999 -9999  -9999
ND-2/3 -9999.00 -9999.00 -9999.00  -9999  -9999 -9999  -9999
CE-2/3 -9999.00 -9999.00 -9999.00  -9999  -9999 -9999  -9999
CE-1   -9999.00 -9999.00 -9999.00  -9999  -9999 -9999  -9999
AR-2/3 -9999.00 -9999.00 -9999.00  -9999  -9999 -9999  -9999


Significance Levels for the Unidirectional Kappas

         ND-1   AR-1     SR ND-2/3 CE-2/3 CE-1 AR-2/3
ND-1   0.4795 0.1573 0.4795      1      1    1      1
AR-1   0.4795 0.4795 0.1573      1      1    1      1
SR     0.4795 0.4795 0.4795      1      1    1      1
ND-2/3 1.0000 1.0000 1.0000      1      1    1      1
CE-2/3 1.0000 1.0000 1.0000      1      1    1      1
CE-1   1.0000 1.0000 1.0000      1      1    1      1
AR-2/3 1.0000 1.0000 1.0000      1      1    1      1



Group/Segment Number: 14 

Cell Frequencies, Row & Column Totals, & N

       ND-1 AR-1 SR ND-2/3 CE-2/3 CE-1 AR-2/3 Totals
ND-1      0    1  0      2      1    1      0      5
AR-1      3    0  0      1      0    0      0      4
SR        0    0  0      0      0    0      0      0
ND-2/3    0    1  0      1      0    0      3      5
CE-2/3    0    1  1      0      0    0      0      2
CE-1      0    1  0      0      0    0      0      1
AR-2/3    1    0  0      1      1    0      0      3
Totals    4    4  1      5      2    1      3     20


Expected Values/Frequencies

       ND-1 AR-1   SR ND-2/3 CE-2/3 CE-1 AR-2/3
ND-1    1.0  1.0 0.25   1.25    0.5 0.25   0.75
AR-1    0.8  0.8 0.20   1.00    0.4 0.20   0.60
SR      0.0  0.0 0.00   0.00    0.0 0.00   0.00
ND-2/3  1.0  1.0 0.25   1.25    0.5 0.25   0.75
CE-2/3  0.4  0.4 0.10   0.50    0.2 0.10   0.30
CE-1    0.2  0.2 0.05   0.25    0.1 0.05   0.15
AR-2/3  0.6  0.6 0.15   0.75    0.3 0.15   0.45


Transitional Probabilities

           ND-1    AR-1      SR   ND-2/3   CE-2/3    CE-1  AR-2/3
ND-1       0.00     0.2     0.0     0.40     0.20     0.2     0.0
AR-1       0.75     0.0     0.0     0.25     0.00     0.0     0.0
SR     -9999.00 -9999.0 -9999.0 -9999.00 -9999.00 -9999.0 -9999.0
ND-2/3     0.00     0.2     0.0     0.20     0.00     0.0     0.6
CE-2/3     0.00     0.5     0.5     0.00     0.00     0.0     0.0
CE-1       0.00     1.0     0.0     0.00     0.00     0.0     0.0
AR-2/3     0.33     0.0     0.0     0.33     0.33     0.0     0.0


Tablewise Likelihood Ratio (Chi-Square) test = 35.5,  df = 36,  p = 0.49208


Adjusted Residuals

           ND-1     AR-1       SR   ND-2/3   CE-2/3     CE-1   AR-2/3
ND-1      -1.29     0.00    -0.59     0.89     0.86     1.78    -1.08
AR-1       3.07    -1.12    -0.51     0.00    -0.75    -0.51    -0.94
SR     -9999.00 -9999.00 -9999.00 -9999.00 -9999.00 -9999.00 -9999.00
ND-2/3    -1.29     0.00    -0.59    -0.30    -0.86    -0.59     3.25
CE-2/3    -0.75     1.12     3.08    -0.86    -0.50    -0.34    -0.63
CE-1      -0.51     2.05    -0.24    -0.59    -0.34    -0.24    -0.43
AR-2/3     0.63    -0.94    -0.43     0.36     1.46    -0.43    -0.79


Significance Levels for the Adjusted Residuals

          ND-1    AR-1      SR  ND-2/3  CE-2/3    CE-1  AR-2/3
ND-1    0.1967  1.0000  0.5536  0.3711  0.3894  0.0756  0.2781
AR-1    0.0021  0.2636  0.6080  1.0000  0.4561  0.6080  0.3476
SR     -1.0000 -1.0000 -1.0000 -1.0000 -1.0000 -1.0000 -1.0000
ND-2/3  0.1967  1.0000  0.5536  0.7656  0.3894  0.5536  0.0011
CE-2/3  0.4561  0.2636  0.0021  0.3894  0.6193  0.7324  0.5312
CE-1    0.6080  0.0402  0.8139  0.5536  0.7324  0.8139  0.6665
AR-2/3  0.5312  0.3476  0.6665  0.7177  0.1440  0.6665  0.4300


Yule's Q Values

           ND-1     AR-1    SR   ND-2/3   CE-2/3  CE-1 AR-2/3
ND-1      -1.00     0.00    -1     0.45     0.56     1     -1
AR-1       0.96    -1.00    -1     0.00    -1.00    -1     -1
SR     -9999.00 -9999.00 -9999 -9999.00 -9999.00 -9999  -9999
ND-2/3    -1.00     0.00    -1    -0.19    -1.00    -1      1
CE-2/3    -1.00     0.67     1    -1.00    -1.00    -1     -1
CE-1      -1.00     1.00    -1    -1.00    -1.00    -1     -1
AR-2/3     0.40    -1.00    -1     0.24     0.78    -1     -1


Unidirectional Kappas

        ND-1  AR-1 SR ND-2/3 CE-2/3 CE-1 AR-2/3
ND-1   -1.00  0.02 -1   0.21   0.34    1     -1
AR-1    0.67 -1.00 -1   0.02  -1.00   -1     -1
SR     -1.00 -1.00 -1  -1.00  -1.00   -1     -1
ND-2/3 -1.00  0.02 -1  -0.16  -1.00   -1      1
CE-2/3 -1.00  0.38  1  -1.00  -1.00   -1     -1
CE-1   -1.00  1.00 -1  -1.00  -1.00   -1     -1
AR-2/3  0.12 -1.00 -1   0.12   0.42   -1     -1


z values for the Unidirectional Kappas

        ND-1  AR-1    SR ND-2/3 CE-2/3  CE-1 AR-2/3
ND-1   -1.40  0.06 -0.56   0.95   0.89  1.79  -1.02
AR-1    2.61 -1.05 -0.49   0.06  -0.70 -0.49  -0.89
SR     -0.56 -0.49 -0.22  -0.56  -0.32 -0.22  -0.41
ND-2/3 -1.40  0.06 -0.56  -0.22  -0.81 -0.56   3.27
CE-2/3 -0.81  1.14  3.08  -0.81  -0.47 -0.32  -0.59
CE-1   -0.56  2.06 -0.22  -0.56  -0.32 -0.22  -0.41
AR-2/3  0.41 -0.89 -0.41   0.41   1.48 -0.41  -0.75


Significance Levels for the Unidirectional Kappas

         ND-1   AR-1     SR ND-2/3 CE-2/3   CE-1 AR-2/3
ND-1   0.1623 0.9517 0.5762 0.3419 0.3723 0.0736 0.3074
AR-1   0.0091 0.2927 0.6276 0.9517 0.4815 0.6276 0.3758
SR     0.5762 0.6276 0.8231 0.5762 0.7456 0.8231 0.6831
ND-2/3 0.1623 0.9517 0.5762 0.8231 0.4173 0.5762 0.0011
CE-2/3 0.4173 0.2527 0.0021 0.4173 0.6378 0.7456 0.5536
CE-1   0.5762 0.0393 0.8231 0.5762 0.7456 0.8231 0.6831
AR-2/3 0.6831 0.3758 0.6831 0.6831 0.1386 0.6831 0.4561



Group/Segment Number: 15 

Cell Frequencies, Row & Column Totals, & N

       ND-1 AR-1 SR ND-2/3 CE-2/3 CE-1 AR-2/3 Totals
ND-1      0    2  0      0      0    1      1      4
AR-1      2    0  1      0      0    0      0      3
SR        0    0  0      0      0    0      0      0
ND-2/3    0    0  0      0      0    0      0      0
CE-2/3    0    0  0      0      0    0      0      0
CE-1      0    1  0      0      0    0      0      1
AR-2/3    1    0  0      0      0    0      0      1
Totals    3    3  1      0      0    1      1      9


Expected Values/Frequencies

       ND-1 AR-1   SR ND-2/3 CE-2/3 CE-1 AR-2/3
ND-1   1.33 1.33 0.44      0      0 0.44   0.44
AR-1   1.00 1.00 0.33      0      0 0.33   0.33
SR     0.00 0.00 0.00      0      0 0.00   0.00
ND-2/3 0.00 0.00 0.00      0      0 0.00   0.00
CE-2/3 0.00 0.00 0.00      0      0 0.00   0.00
CE-1   0.33 0.33 0.11      0      0 0.11   0.11
AR-2/3 0.33 0.33 0.11      0      0 0.11   0.11


Transitional Probabilities

           ND-1    AR-1       SR ND-2/3 CE-2/3     CE-1   AR-2/3
ND-1       0.00     0.5     0.00      0      0     0.25     0.25
AR-1       0.67     0.0     0.33      0      0     0.00     0.00
SR     -9999.00 -9999.0 -9999.00  -9999  -9999 -9999.00 -9999.00
ND-2/3 -9999.00 -9999.0 -9999.00  -9999  -9999 -9999.00 -9999.00
CE-2/3 -9999.00 -9999.0 -9999.00  -9999  -9999 -9999.00 -9999.00
CE-1       0.00     1.0     0.00      0      0     0.00     0.00
AR-2/3     1.00     0.0     0.00      0      0     0.00     0.00


Tablewise Likelihood Ratio (Chi-Square) test = 14.23,  df = 36,  p = 0.99956


Adjusted Residuals

           ND-1     AR-1       SR ND-2/3 CE-2/3     CE-1   AR-2/3
ND-1      -1.90     0.95    -0.95  -9999  -9999     1.19     1.19
AR-1       1.50    -1.50     1.50  -9999  -9999    -0.75    -0.75
SR     -9999.00 -9999.00 -9999.00  -9999  -9999 -9999.00 -9999.00
ND-2/3 -9999.00 -9999.00 -9999.00  -9999  -9999 -9999.00 -9999.00
CE-2/3 -9999.00 -9999.00 -9999.00  -9999  -9999 -9999.00 -9999.00
CE-1      -0.75     1.50    -0.38  -9999  -9999    -0.38    -0.38
AR-2/3     1.50    -0.75    -0.38  -9999  -9999    -0.38    -0.38


Significance Levels for the Adjusted Residuals

          ND-1    AR-1      SR ND-2/3 CE-2/3    CE-1  AR-2/3
ND-1    0.0578  0.3428  0.3428     -1     -1  0.2357  0.2357
AR-1    0.1336  0.1336  0.1336     -1     -1  0.4533  0.4533
SR     -1.0000 -1.0000 -1.0000     -1     -1 -1.0000 -1.0000
ND-2/3 -1.0000 -1.0000 -1.0000     -1     -1 -1.0000 -1.0000
CE-2/3 -1.0000 -1.0000 -1.0000     -1     -1 -1.0000 -1.0000
CE-1    0.4533  0.1336  0.7077     -1     -1  0.7077  0.7077
AR-2/3  0.1336  0.4533  0.7077     -1     -1  0.7077  0.7077


Yule's Q Values

           ND-1    AR-1    SR ND-2/3 CE-2/3  CE-1 AR-2/3
ND-1      -1.00     0.6    -1  -9999  -9999     1      1
AR-1       0.82    -1.0     1  -9999  -9999    -1     -1
SR     -9999.00 -9999.0 -9999  -9999  -9999 -9999  -9999
ND-2/3 -9999.00 -9999.0 -9999  -9999  -9999 -9999  -9999
CE-2/3 -9999.00 -9999.0 -9999  -9999  -9999 -9999  -9999
CE-1      -1.00     1.0    -1  -9999  -9999    -1     -1
AR-2/3     1.00    -1.0    -1  -9999  -9999    -1     -1


Unidirectional Kappas

           ND-1     AR-1    SR ND-2/3 CE-2/3  CE-1 AR-2/3
ND-1      -1.00     0.44    -1  -9999  -9999     1      1
AR-1       0.44    -1.00     1  -9999  -9999    -1     -1
SR        -1.00    -1.00    -1  -9999  -9999    -1     -1
ND-2/3 -9999.00 -9999.00 -9999  -9999  -9999 -9999  -9999
CE-2/3 -9999.00 -9999.00 -9999  -9999  -9999 -9999  -9999
CE-1      -1.00     1.00    -1  -9999  -9999    -1     -1
AR-2/3     1.00    -1.00    -1  -9999  -9999    -1     -1


z values for the Unidirectional Kappas

           ND-1     AR-1       SR ND-2/3 CE-2/3     CE-1   AR-2/3
ND-1      -2.00     1.07    -0.82  -9999  -9999     1.22     1.22
AR-1       1.07    -1.29     1.53  -9999  -9999    -0.65    -0.65
SR        -0.82    -0.65    -0.33  -9999  -9999    -0.33    -0.33
ND-2/3 -9999.00 -9999.00 -9999.00  -9999  -9999 -9999.00 -9999.00
CE-2/3 -9999.00 -9999.00 -9999.00  -9999  -9999 -9999.00 -9999.00
CE-1      -0.82     1.53    -0.33  -9999  -9999    -0.33    -0.33
AR-2/3     1.22    -0.65    -0.33  -9999  -9999    -0.33    -0.33


Significance Levels for the Unidirectional Kappas

         ND-1   AR-1     SR ND-2/3 CE-2/3   CE-1 AR-2/3
ND-1   0.0455 0.2850 0.4142      1      1 0.2207 0.2207
AR-1   0.2850 0.1985 0.1266      1      1 0.5127 0.5127
SR     0.4142 0.5127 0.7389      1      1 0.7389 0.7389
ND-2/3 1.0000 1.0000 1.0000      1      1 1.0000 1.0000
CE-2/3 1.0000 1.0000 1.0000      1      1 1.0000 1.0000
CE-1   0.4142 0.1266 0.7389      1      1 0.7389 0.7389
AR-2/3 0.2207 0.5127 0.7389      1      1 0.7389 0.7389



Group/Segment Number: 16 

Cell Frequencies, Row & Column Totals, & N

       ND-1 AR-1 SR ND-2/3 CE-2/3 CE-1 AR-2/3 Totals
ND-1      1    4  0      1      1    0      0      7
AR-1      5    1  1      0      0    0      0      7
SR        0    0  0      0      0    0      0      0
ND-2/3    0    0  0      0      0    0      1      1
CE-2/3    0    1  0      0      0    0      0      1
CE-1      0    0  0      0      0    0      0      0
AR-2/3    0    1  0      0      0    0      0      1
Totals    6    7  1      1      1    0      1     17


Expected Values/Frequencies

       ND-1 AR-1   SR ND-2/3 CE-2/3 CE-1 AR-2/3
ND-1   2.47 2.88 0.41   0.41   0.41    0   0.41
AR-1   2.47 2.88 0.41   0.41   0.41    0   0.41
SR     0.00 0.00 0.00   0.00   0.00    0   0.00
ND-2/3 0.35 0.41 0.06   0.06   0.06    0   0.06
CE-2/3 0.35 0.41 0.06   0.06   0.06    0   0.06
CE-1   0.00 0.00 0.00   0.00   0.00    0   0.00
AR-2/3 0.35 0.41 0.06   0.06   0.06    0   0.06


Transitional Probabilities

           ND-1     AR-1       SR   ND-2/3   CE-2/3  CE-1 AR-2/3
ND-1       0.14     0.57     0.00     0.14     0.14     0      0
AR-1       0.71     0.14     0.14     0.00     0.00     0      0
SR     -9999.00 -9999.00 -9999.00 -9999.00 -9999.00 -9999  -9999
ND-2/3     0.00     0.00     0.00     0.00     0.00     0      1
CE-2/3     0.00     1.00     0.00     0.00     0.00     0      0
CE-1   -9999.00 -9999.00 -9999.00 -9999.00 -9999.00 -9999  -9999
AR-2/3     0.00     1.00     0.00     0.00     0.00     0      0


Tablewise Likelihood Ratio (Chi-Square) test = 20.28,  df = 36,  p = 0.98381


Adjusted Residuals

           ND-1     AR-1       SR   ND-2/3   CE-2/3  CE-1   AR-2/3
ND-1      -1.52     1.12    -0.86     1.23     1.23 -9999    -0.86
AR-1       2.61    -1.88     1.23    -0.86    -0.86 -9999    -0.86
SR     -9999.00 -9999.00 -9999.00 -9999.00 -9999.00 -9999 -9999.00
ND-2/3    -0.76    -0.86    -0.26    -0.26    -0.26 -9999     4.12
CE-2/3    -0.76     1.23    -0.26    -0.26    -0.26 -9999    -0.26
CE-1   -9999.00 -9999.00 -9999.00 -9999.00 -9999.00 -9999 -9999.00
AR-2/3    -0.76     1.23    -0.26    -0.26    -0.26 -9999    -0.26


Significance Levels for the Adjusted Residuals

          ND-1    AR-1      SR  ND-2/3  CE-2/3 CE-1  AR-2/3
ND-1    0.1294  0.2631  0.3885  0.2179  0.2179   -1  0.3885
AR-1    0.0091  0.0595  0.2179  0.3885  0.3885   -1  0.3885
SR     -1.0000 -1.0000 -1.0000 -1.0000 -1.0000   -1 -1.0000
ND-2/3  0.4465  0.3885  0.7966  0.7966  0.7966   -1  0.0000
CE-2/3  0.4465  0.2179  0.7966  0.7966  0.7966   -1  0.7966
CE-1   -1.0000 -1.0000 -1.0000 -1.0000 -1.0000   -1 -1.0000
AR-2/3  0.4465  0.2179  0.7966  0.7966  0.7966   -1  0.7966


Yule's Q Values

           ND-1     AR-1    SR ND-2/3 CE-2/3  CE-1 AR-2/3
ND-1      -0.71     0.51    -1      1      1 -9999     -1
AR-1       0.91    -0.80     1     -1     -1 -9999     -1
SR     -9999.00 -9999.00 -9999  -9999  -9999 -9999  -9999
ND-2/3    -1.00    -1.00    -1     -1     -1 -9999      1
CE-2/3    -1.00     1.00    -1     -1     -1 -9999     -1
CE-1   -9999.00 -9999.00 -9999  -9999  -9999 -9999  -9999
AR-2/3    -1.00     1.00    -1     -1     -1 -9999     -1


Unidirectional Kappas

           ND-1     AR-1    SR ND-2/3 CE-2/3  CE-1 AR-2/3
ND-1      -0.63     0.30    -1      1      1 -9999     -1
AR-1       0.53    -0.63     1     -1     -1 -9999     -1
SR        -1.00    -1.00    -1     -1     -1 -9999     -1
ND-2/3    -1.00    -1.00    -1     -1     -1 -9999      1
CE-2/3    -1.00     1.00    -1     -1     -1 -9999     -1
CE-1   -9999.00 -9999.00 -9999  -9999  -9999 -9999  -9999
AR-2/3    -1.00     1.00    -1     -1     -1 -9999     -1


z values for the Unidirectional Kappas

           ND-1     AR-1       SR   ND-2/3   CE-2/3  CE-1   AR-2/3
ND-1      -1.66     1.23    -0.80     1.25     1.25 -9999    -0.80
AR-1       2.20    -1.66     1.25    -0.80    -0.80 -9999    -0.80
SR        -0.80    -0.80    -0.24    -0.24    -0.24 -9999    -0.24
ND-2/3    -0.80    -0.80    -0.24    -0.24    -0.24 -9999     4.12
CE-2/3    -0.80     1.25    -0.24    -0.24    -0.24 -9999    -0.24
CE-1   -9999.00 -9999.00 -9999.00 -9999.00 -9999.00 -9999 -9999.00
AR-2/3    -0.80     1.25    -0.24    -0.24    -0.24 -9999    -0.24


Significance Levels for the Unidirectional Kappas

         ND-1   AR-1     SR ND-2/3 CE-2/3 CE-1 AR-2/3
ND-1   0.0969 0.2181 0.4250 0.2100 0.2100    1 0.4250
AR-1   0.0281 0.0969 0.2100 0.4250 0.4250    1 0.4250
SR     0.4250 0.4250 0.8084 0.8084 0.8084    1 0.8084
ND-2/3 0.4250 0.4250 0.8084 0.8084 0.8084    1 0.0000
CE-2/3 0.4250 0.2100 0.8084 0.8084 0.8084    1 0.8084
CE-1   1.0000 1.0000 1.0000 1.0000 1.0000    1 1.0000
AR-2/3 0.4250 0.2100 0.8084 0.8084 0.8084    1 0.8084



Group/Segment Number: 17 

Cell Frequencies, Row & Column Totals, & N

       ND-1 AR-1 SR ND-2/3 CE-2/3 CE-1 AR-2/3 Totals
ND-1      0    5  0      0      0    0      1      6
AR-1      5    0  0      0      0    0      0      5
SR        0    0  0      0      0    0      0      0
ND-2/3    0    0  0      0      0    0      0      0
CE-2/3    0    0  0      0      0    0      0      0
CE-1      0    0  0      0      0    0      0      0
AR-2/3    0    0  1      0      0    0      0      1
Totals    5    5  1      0      0    0      1     12


Expected Values/Frequencies

       ND-1 AR-1   SR ND-2/3 CE-2/3 CE-1 AR-2/3
ND-1   2.50 2.50 0.50      0      0    0   0.50
AR-1   2.08 2.08 0.42      0      0    0   0.42
SR     0.00 0.00 0.00      0      0    0   0.00
ND-2/3 0.00 0.00 0.00      0      0    0   0.00
CE-2/3 0.00 0.00 0.00      0      0    0   0.00
CE-1   0.00 0.00 0.00      0      0    0   0.00
AR-2/3 0.42 0.42 0.08      0      0    0   0.08


Transitional Probabilities

        ND-1     AR-1    SR ND-2/3 CE-2/3  CE-1   AR-2/3
ND-1       0     0.83     0      0      0     0     0.17
AR-1       1     0.00     0      0      0     0     0.00
SR     -9999 -9999.00 -9999  -9999  -9999 -9999 -9999.00
ND-2/3 -9999 -9999.00 -9999  -9999  -9999 -9999 -9999.00
CE-2/3 -9999 -9999.00 -9999  -9999  -9999 -9999 -9999.00
CE-1   -9999 -9999.00 -9999  -9999  -9999 -9999 -9999.00
AR-2/3     0     0.00     1      0      0     0     0.00


Tablewise Likelihood Ratio (Chi-Square) test = 22.04,  df = 36,  p = 0.96731


Adjusted Residuals

           ND-1     AR-1       SR ND-2/3 CE-2/3  CE-1   AR-2/3
ND-1      -2.93     2.93    -1.04  -9999  -9999 -9999     1.04
AR-1       3.46    -2.47    -0.88  -9999  -9999 -9999    -0.88
SR     -9999.00 -9999.00 -9999.00  -9999  -9999 -9999 -9999.00
ND-2/3 -9999.00 -9999.00 -9999.00  -9999  -9999 -9999 -9999.00
CE-2/3 -9999.00 -9999.00 -9999.00  -9999  -9999 -9999 -9999.00
CE-1   -9999.00 -9999.00 -9999.00  -9999  -9999 -9999 -9999.00
AR-2/3    -0.88    -0.88     3.46  -9999  -9999 -9999    -0.31


Significance Levels for the Adjusted Residuals

          ND-1    AR-1      SR ND-2/3 CE-2/3 CE-1  AR-2/3
ND-1    0.0034  0.0034  0.2963     -1     -1   -1  0.2963
AR-1    0.0005  0.0133  0.3774     -1     -1   -1  0.3774
SR     -1.0000 -1.0000 -1.0000     -1     -1   -1 -1.0000
ND-2/3 -1.0000 -1.0000 -1.0000     -1     -1   -1 -1.0000
CE-2/3 -1.0000 -1.0000 -1.0000     -1     -1   -1 -1.0000
CE-1   -1.0000 -1.0000 -1.0000     -1     -1   -1 -1.0000
AR-2/3  0.3774  0.3774  0.0005     -1     -1   -1  0.7528


Yule's Q Values

        ND-1  AR-1    SR ND-2/3 CE-2/3  CE-1 AR-2/3
ND-1      -1     1    -1  -9999  -9999 -9999      1
AR-1       1    -1    -1  -9999  -9999 -9999     -1
SR     -9999 -9999 -9999  -9999  -9999 -9999  -9999
ND-2/3 -9999 -9999 -9999  -9999  -9999 -9999  -9999
CE-2/3 -9999 -9999 -9999  -9999  -9999 -9999  -9999
CE-1   -9999 -9999 -9999  -9999  -9999 -9999  -9999
AR-2/3    -1    -1     1  -9999  -9999 -9999     -1


Unidirectional Kappas

        ND-1  AR-1    SR ND-2/3 CE-2/3  CE-1 AR-2/3
ND-1      -1     1    -1  -9999  -9999 -9999      1
AR-1       1    -1    -1  -9999  -9999 -9999     -1
SR        -1    -1    -1  -9999  -9999 -9999     -1
ND-2/3 -9999 -9999 -9999  -9999  -9999 -9999  -9999
CE-2/3 -9999 -9999 -9999  -9999  -9999 -9999  -9999
CE-1   -9999 -9999 -9999  -9999  -9999 -9999  -9999
AR-2/3    -1    -1     1  -9999  -9999 -9999     -1


z values for the Unidirectional Kappas

           ND-1     AR-1       SR ND-2/3 CE-2/3  CE-1   AR-2/3
ND-1      -2.97     2.96    -0.93  -9999  -9999 -9999     1.08
AR-1       2.96    -2.17    -0.79  -9999  -9999 -9999    -0.79
SR        -0.93    -0.79    -0.29  -9999  -9999 -9999    -0.29
ND-2/3 -9999.00 -9999.00 -9999.00  -9999  -9999 -9999 -9999.00
CE-2/3 -9999.00 -9999.00 -9999.00  -9999  -9999 -9999 -9999.00
CE-1   -9999.00 -9999.00 -9999.00  -9999  -9999 -9999 -9999.00
AR-2/3    -0.93    -0.79     3.46  -9999  -9999 -9999    -0.29


Significance Levels for the Unidirectional Kappas

         ND-1   AR-1     SR ND-2/3 CE-2/3 CE-1 AR-2/3
ND-1   0.0030 0.0031 0.3545      1      1    1 0.2801
AR-1   0.0031 0.0304 0.4292      1      1    1 0.4292
SR     0.3545 0.4292 0.7728      1      1    1 0.7728
ND-2/3 1.0000 1.0000 1.0000      1      1    1 1.0000
CE-2/3 1.0000 1.0000 1.0000      1      1    1 1.0000
CE-1   1.0000 1.0000 1.0000      1      1    1 1.0000
AR-2/3 0.3545 0.4292 0.0005      1      1    1 0.7728



Pooled Data:


Number of cases/groups/segments: 17 


Likelihood Ratio (Chi-Square) Test of Homogeneity/Stationarity = 196.77,  df = 672,  p = 1


Cell Frequencies, Row & Column Totals, & N

       ND-1 AR-1 SR ND-2/3 CE-2/3 CE-1 AR-2/3 Totals
ND-1      3   47  0     15      7    3      5     80
AR-1     55    3 12      2      1    1      1     75
SR        0    0  0      0      0    0      0      0
ND-2/3    0   13  0      1      1    2      4     21
CE-2/3    0    6  2      1      0    0      1     10
CE-1      0    4  0      1      0    0      1      6
AR-2/3    5    2  3      1      1    0      0     12
Totals   63   75 17     21     10    6     12    204


Expected Values/Frequencies

        ND-1  AR-1   SR ND-2/3 CE-2/3 CE-1 AR-2/3
ND-1   24.71 29.41 6.67   8.24   3.92 2.35   4.71
AR-1   23.16 27.57 6.25   7.72   3.68 2.21   4.41
SR      0.00  0.00 0.00   0.00   0.00 0.00   0.00
ND-2/3  6.49  7.72 1.75   2.16   1.03 0.62   1.24
CE-2/3  3.09  3.68 0.83   1.03   0.49 0.29   0.59
CE-1    1.85  2.21 0.50   0.62   0.29 0.18   0.35
AR-2/3  3.71  4.41 1.00   1.24   0.59 0.35   0.71


Transitional Probabilities

           ND-1     AR-1       SR   ND-2/3   CE-2/3     CE-1   AR-2/3
ND-1       0.04     0.59     0.00     0.19     0.09     0.04     0.06
AR-1       0.73     0.04     0.16     0.03     0.01     0.01     0.01
SR     -9999.00 -9999.00 -9999.00 -9999.00 -9999.00 -9999.00 -9999.00
ND-2/3     0.00     0.62     0.00     0.05     0.05     0.10     0.19
CE-2/3     0.00     0.60     0.20     0.10     0.00     0.00     0.10
CE-1       0.00     0.67     0.00     0.17     0.00     0.00     0.17
AR-2/3     0.42     0.17     0.25     0.08     0.08     0.00     0.00


Tablewise Likelihood Ratio (Chi-Square) test = 195.8,  df = 36,  p = 0


Adjusted Residuals

           ND-1     AR-1       SR   ND-2/3   CE-2/3     CE-1   AR-2/3
ND-1      -6.74     5.23    -3.46     3.19     2.04     0.55     0.18
AR-1      10.01    -7.40     3.02    -2.73    -1.80    -1.04    -2.11
SR     -9999.00 -9999.00 -9999.00 -9999.00 -9999.00 -9999.00 -9999.00
ND-2/3    -3.23     2.52    -1.46    -0.88    -0.03     1.89     2.71
CE-2/3    -2.17     1.56     1.37    -0.03    -0.74    -0.56     0.57
CE-1      -1.66     1.54    -0.75     0.52    -0.56    -0.43     1.14
AR-2/3     0.83    -1.49     2.15    -0.23     0.57    -0.62    -0.89


Significance Levels for the Adjusted Residuals

          ND-1    AR-1      SR  ND-2/3  CE-2/3    CE-1  AR-2/3
ND-1    0.0000  0.0000  0.0005  0.0014  0.0409  0.5829  0.8577
AR-1    0.0000  0.0000  0.0025  0.0063  0.0719  0.3000  0.0352
SR     -1.0000 -1.0000 -1.0000 -1.0000 -1.0000 -1.0000 -1.0000
ND-2/3  0.0012  0.0116  0.1446  0.3784  0.9750  0.0594  0.0068
CE-2/3  0.0302  0.1181  0.1711  0.9750  0.4616  0.5724  0.5704
CE-1    0.0965  0.1231  0.4535  0.6021  0.5724  0.6652  0.2545
AR-2/3  0.4046  0.1367  0.0313  0.8178  0.5704  0.5342  0.3720


Yule's Q Values

           ND-1     AR-1       SR   ND-2/3   CE-2/3     CE-1   AR-2/3
ND-1      -0.92     0.66    -1.00     0.64     0.59     0.22     0.05
AR-1       0.95    -0.94     0.65    -0.73    -0.69    -0.50    -0.75
SR     -9999.00 -9999.00 -9999.00 -9999.00 -9999.00 -9999.00 -9999.00
ND-2/3    -1.00     0.52    -1.00    -0.42    -0.02     0.65     0.67
CE-2/3    -1.00     0.46     0.50    -0.02    -1.00    -1.00     0.30
CE-1      -1.00     0.56    -1.00     0.28    -1.00    -1.00     0.55
AR-2/3     0.25    -0.51     0.62    -0.12     0.30    -1.00    -1.00


Unidirectional Kappas

        ND-1  AR-1    SR ND-2/3 CE-2/3  CE-1 AR-2/3
ND-1   -0.90  0.39 -1.00   0.53   0.51  0.18   0.04
AR-1    0.56 -0.89 18.35  -0.74  -0.73 -0.54  -0.77
SR     -1.00 -1.00 -1.00  -1.00  -1.00 -1.00  -1.00
ND-2/3 -1.00  0.40 -1.00  -0.54  -0.02  0.26   0.26
CE-2/3 -1.00  0.37  2.05  -0.02  -1.00 -1.00   0.04
CE-1   -1.00  0.47 -1.00   0.07  -1.00 -1.00   0.11
AR-2/3  0.04 -0.54  3.12  -0.19   0.04 -1.00  -1.00


z values for the Unidirectional Kappas

        ND-1  AR-1    SR ND-2/3 CE-2/3  CE-1 AR-2/3
ND-1   -8.26  5.26 -0.80   3.21   2.05  0.56   0.19
AR-1    7.63 -7.34 24.15  -2.71  -1.79 -1.03  -2.09
SR     -0.80 -0.76 -0.07  -0.34  -0.23 -0.17  -0.25
ND-2/3 -3.86  2.54 -0.34  -0.87  -0.03  1.89   2.71
CE-2/3 -2.59  1.57  9.06  -0.03  -0.73 -0.56   0.57
CE-1   -1.98  1.55 -0.17   0.53  -0.56 -0.43   1.14
AR-2/3  0.19 -1.47 12.53  -0.22   0.57 -0.62  -0.89


Significance Levels for the Unidirectional Kappas

         ND-1   AR-1     SR ND-2/3 CE-2/3   CE-1 AR-2/3
ND-1   0.0000 0.0000 0.4237 0.0013 0.0400 0.5768 0.8470
AR-1   0.0000 0.0000 0.0000 0.0067 0.0742 0.3051 0.0367
SR     0.4237 0.4475 0.9442 0.7355 0.8208 0.8621 0.8031
ND-2/3 0.0001 0.0112 0.7355 0.3830 0.9792 0.0590 0.0067
CE-2/3 0.0097 0.1159 0.0000 0.9792 0.4639 0.5744 0.5678
CE-1   0.0472 0.1214 0.8621 0.5994 0.5744 0.6667 0.2533
AR-2/3 0.8470 0.1408 0.0000 0.8224 0.5678 0.5363 0.3745
